,Area in Sqrt,No.of Bhk,Location,Price
0,3720,4,4,390.0
1,1625,3,28,114.99999999999999
2,1325,3,8,60.0
3,650,1,31,19.0
4,950,2,0,25.99
5,2050,4,16,198.0
6,2460,3,16,222.00000000000003
7,1425,3,14,94.5
8,2500,3,4,225.0
9,1750,3,16,135.0
10,1970,3,35,128.0
11,585,1,8,29.99
12,1750,3,29,82.0
13,783,3,16,105.0
14,1750,3,16,135.0
15,600,1,28,12.99
16,3000,4,4,297.0
17,1155,2,16,86.0
18,950,2,0,24.5
19,2150,4,23,275.0
20,1525,3,33,100.0
21,1690,3,37,140.0
22,6250,5,10,765.0
23,750,2,33,21.85
24,1500,3,32,57.52
25,1050,2,31,25.0
26,1775,3,17,180.0
27,2500,3,36,274.0
28,2450,3,5,320.0
29,3751,4,15,540.0
30,1180,3,16,39.0
31,1220,2,29,147.0
32,600,2,27,28.0
33,690,1,0,20.99
34,1100,2,39,79.5
35,960,2,33,28.5
36,1150,2,14,80.5
37,6480,6,0,925.0
38,1380,2,41,220.00000000000003
39,1695,3,12,80.0
40,953,2,0,39.59
41,4874,4,5,463.0
42,1200,3,16,50.0
43,2715,5,37,229.99999999999997
44,1580,3,12,66.5
45,604,2,21,37.96
46,1300,2,3,92.0
47,1100,2,25,35.0
48,3047,4,0,181.0
49,8000,8,0,575.0
50,1300,1,0,95.0
51,1245,2,37,81.75
52,3525,4,36,423.00000000000006
53,2410,4,34,135.0
54,5724,4,4,310.0
55,535,1,41,80.25
56,1350,3,9,175.0
57,950,2,26,34.0
58,1248,3,24,335.0
59,2563,3,24,335.0
60,990,2,36,66.82
61,1390,3,36,93.82
62,1390,3,36,93.82
63,1465,3,36,98.88
64,1465,3,36,98.88
65,1404,3,16,105.0
66,1155,2,16,86.0
67,1155,2,16,86.0
68,2500,3,4,257.0
69,2970,4,4,305.0
70,2970,4,4,305.0
71,2575,3,4,265.0
72,2575,3,4,265.0
73,3550,4,4,365.0
74,3550,4,4,365.0
75,2510,3,33,288.0
76,5300,5,33,609.0
77,2700,4,16,191.0
78,2700,4,16,191.0
79,2700,4,16,191.0
80,1465,2,16,96.54
81,1425,2,16,93.9
82,1945,3,16,128.0
83,2385,3,16,169.0
84,1945,3,16,128.0
85,2385,3,16,169.0
86,1760,3,16,114.99999999999999
87,1760,3,16,114.99999999999999
88,2700,4,16,191.0
89,2700,4,16,191.0
90,2700,4,16,191.0
91,6250,5,10,765.0
92,6250,5,10,765.0
93,3465,4,10,424.0
94,3465,4,10,424.0
95,3325,4,10,407.0
96,3325,4,10,407.0
97,3775,4,10,462.0
98,3775,4,10,462.0
99,3575,4,10,437.0
100,3575,4,10,437.0
101,6100,5,10,747.0
102,6100,5,10,747.0
103,5550,4,10,679.0
104,5550,4,10,679.0
105,2700,3,10,303.0
106,2700,3,10,303.0
107,2850,3,10,320.0
108,2850,3,10,320.0
109,5900,5,10,722.0
110,5900,5,10,722.0
111,1510,3,36,70.0
112,500,1,19,21.0
113,500,1,19,21.0
114,500,1,19,21.0
115,500,1,19,21.0
116,500,1,19,21.0
117,500,1,19,21.0
118,500,1,19,21.0
119,500,1,19,21.0
120,500,1,19,20.99
121,500,1,19,20.99
122,500,1,19,22.0
123,500,1,19,20.99
124,500,1,19,20.99
125,500,1,19,20.99
126,500,1,19,20.99
127,500,1,19,20.99
128,500,1,19,20.99
129,500,1,19,20.99
130,500,1,19,20.99
131,500,1,19,20.99
132,500,1,19,20.99
133,500,1,19,20.99
134,500,1,19,20.99
135,500,1,19,20.99
136,500,1,19,20.99
137,500,1,19,20.99
138,3220,4,16,225.99999999999997
139,850,2,31,18.5
140,550,1,30,13.0
141,950,2,0,26.5
142,500,1,31,13.0
143,950,2,0,26.5
144,500,1,30,13.0
145,850,2,30,19.0
146,850,2,31,18.0
147,550,1,30,16.5
148,800,2,30,15.5
149,850,2,31,22.0
150,850,2,31,16.5
151,550,1,31,13.0
152,850,2,31,17.5
153,950,2,31,40.0
154,550,1,31,13.0
155,850,2,31,17.5
156,850,2,31,18.0
157,950,2,31,26.5
158,550,1,31,11.5
159,850,2,31,18.5
160,950,2,31,26.5
161,850,2,30,19.5
162,850,2,31,15.5
163,950,2,31,40.0
164,550,1,31,13.0
165,850,2,31,16.5
166,850,2,31,18.5
167,850,2,31,18.5
168,550,1,33,17.0
169,1050,2,31,26.0
170,1050,2,0,25.5
171,550,1,31,12.9
172,850,2,31,18.5
173,550,1,30,13.0
174,550,1,31,11.0
175,550,1,31,16.5
176,850,2,31,15.5
177,850,2,31,15.5
178,850,2,31,16.5
179,550,1,31,14.5
180,500,1,31,13.0
181,850,2,31,18.5
182,850,2,31,18.5
183,925,2,12,42.0
184,925,2,12,37.0
185,1100,2,39,78.0
186,2095,3,16,145.0
187,1675,3,16,113.99999999999999
188,1195,2,16,78.0
189,2800,4,40,345.0
190,1100,2,39,74.0
191,1350,2,17,125.0
192,1350,2,17,125.0
193,1350,2,17,125.0
194,3750,5,16,243.00000000000003
195,4350,5,16,282.0
196,4350,5,16,282.0
197,2150,4,16,139.0
198,2150,4,16,139.0
199,1550,3,8,70.0
200,2500,3,4,262.0
201,2500,3,4,262.0
202,3550,4,4,372.0
203,3550,4,4,372.0
204,2700,4,16,175.0
205,3650,4,16,224.00000000000003
206,3650,4,16,224.00000000000003
207,2750,3,16,169.0
208,2750,3,16,169.0
209,2450,3,16,150.0
210,2450,3,16,150.0
211,3650,4,16,224.00000000000003
212,3650,4,16,224.00000000000003
213,2750,3,16,169.0
214,2750,3,16,169.0
215,2850,3,16,175.0
216,2850,3,16,175.0
217,771,2,16,79.0
218,771,2,16,79.0
219,771,2,16,79.0
220,771,2,16,79.0
221,801,2,16,84.04
222,801,2,16,84.04
223,773,2,16,79.21
224,773,2,16,79.21
225,1455,3,16,151.0
226,1455,3,16,151.0
227,977,2,16,96.96
228,977,2,16,96.96
229,1903,4,16,199.0
230,1903,4,16,199.0
231,1202,3,16,118.0
232,1202,3,16,118.0
233,1907,3,16,146.0
234,1907,3,16,146.0
235,2700,4,16,214.0
236,2700,4,16,214.0
237,1907,3,16,146.0
238,1907,3,16,146.0
239,2700,4,16,214.0
240,1907,3,16,146.0
241,2700,4,16,214.0
242,2700,4,16,214.0
243,1907,3,16,146.0
244,1907,3,16,146.0
245,2700,4,16,214.0
246,2700,4,16,214.0
247,3027,4,16,239.0
248,3027,4,16,239.0
249,2062,3,16,163.0
250,2062,3,16,163.0
251,2330,3,16,164.0
252,2330,3,16,164.0
253,1750,3,16,108.0
254,1750,3,16,108.0
255,3220,4,16,225.99999999999997
256,3220,4,16,225.99999999999997
257,2190,3,16,142.0
258,2190,3,16,142.0
259,2460,3,16,174.0
260,1075,2,8,46.0
261,1550,3,8,70.0
262,950,2,8,56.0
263,850,2,31,19.0
264,650,1,6,20.0
265,650,1,6,19.7
266,650,1,6,19.8
267,650,1,6,19.9
268,952,2,31,29.5
269,652,1,31,18.5
270,652,1,31,18.5
271,950,2,31,28.5
272,657,1,31,18.9
273,987,2,31,28.0
274,900,2,31,26.0
275,920,1,31,16.0
276,987,2,31,28.7
277,850,2,31,17.0
278,900,2,30,21.11
279,900,2,31,29.0
280,950,2,31,28.75
281,950,2,31,28.85
282,950,2,31,28.75
283,950,2,31,28.0
284,950,2,31,28.78
285,1050,2,6,30.25
286,1051,2,6,31.0
287,1050,2,6,31.0
288,1050,2,6,31.0
289,1050,2,6,31.0
290,1050,2,6,31.5
291,1050,2,6,32.0
292,1085,2,31,28.0
293,1050,2,6,30.5
294,925,2,12,38.0
295,550,1,31,13.0
296,550,1,31,16.5
297,850,2,31,22.0
298,850,2,31,15.5
299,950,2,0,26.5
300,550,1,31,13.0
301,850,2,31,15.5
302,1050,2,6,30.6
303,1050,2,6,29.8
304,1050,2,6,29.5
305,1050,2,6,30.7
306,1050,2,6,31.2
307,1050,2,6,31.05
308,1050,2,6,31.6
309,2050,4,16,198.0
310,2050,4,16,198.0
311,2050,4,16,198.0
312,2555,3,16,187.0
313,600,1,31,18.4
314,600,1,31,18.5
315,850,2,31,19.0
316,850,2,31,28.5
317,780,2,31,23.99
318,950,2,30,26.08
319,950,2,30,28.53
320,850,2,31,32.99
321,850,2,31,27.0
322,850,2,31,16.5
323,850,2,30,26.49
324,950,2,31,24.0
325,950,2,31,24.0
326,950,2,31,23.5
327,950,2,30,23.5
328,950,2,31,23.0
329,550,1,31,17.0
330,550,1,31,17.0
331,850,2,31,21.0
332,950,2,31,21.0
333,1000,2,30,27.5
334,1000,2,31,28.0
335,1000,2,31,28.5
336,1000,2,31,29.0
337,1000,2,31,29.5
338,1000,2,31,29.0
339,950,2,31,29.0
340,950,2,31,28.5
341,950,2,31,28.0
342,950,2,31,27.5
343,950,2,31,24.5
344,950,2,31,25.0
345,980,2,31,26.35
346,980,2,31,26.54
347,1000,2,31,26.45
348,1000,2,31,27.54
349,950,2,31,21.55
350,850,2,31,21.5
351,820,2,30,24.49
352,800,2,30,20.99
353,850,2,31,21.2
354,850,2,31,21.1
355,850,2,31,21.0
356,525,1,31,17.39
357,950,2,31,27.58
358,900,2,31,21.12
359,900,2,31,21.0
360,950,2,31,27.8
361,950,2,31,27.0
362,950,2,31,26.5
363,950,2,31,26.0
364,950,2,31,28.53
365,950,2,31,28.68
366,950,2,31,28.78
367,950,2,31,28.85
368,950,2,31,29.0
369,950,2,31,24.08
370,950,2,31,23.04
371,950,2,31,22.5
372,950,2,31,28.0
373,950,2,31,27.5
374,950,2,31,28.0
375,950,2,31,21.0
376,950,2,31,21.5
377,780,2,31,23.79
378,850,2,31,26.99
379,801,2,31,26.99
380,850,2,31,27.89
381,1000,2,31,29.0
382,920,2,31,21.0
383,950,2,31,23.58
384,780,2,31,22.49
385,900,2,30,17.25
386,900,2,31,17.25
387,450,1,31,14.5
388,550,1,31,16.5
389,500,1,31,16.0
390,450,1,31,14.5
391,450,1,31,15.0
392,900,2,31,17.0
393,480,1,31,13.99
394,3220,4,16,286.0
395,2000,3,16,220.00000000000003
396,2000,3,16,219.0
397,8500,5,15,1249.0
398,4700,4,15,600.0
399,4700,4,15,597.0
400,6100,5,10,701.0
401,2375,3,16,235.0
402,1587,2,16,134.0
403,550,1,31,12.5
404,550,1,31,12.75
405,815,2,31,16.7
406,510,1,31,13.25
407,2158,5,37,225.0
408,6000,4,41,899.0
409,850,2,30,21.0
410,450,1,31,14.0
411,550,1,31,13.58
412,550,1,31,14.08
413,650,1,6,18.95
414,750,1,31,16.0
415,3575,4,10,445.0
416,1775,3,17,180.0
417,1350,2,17,125.0
418,1248,3,24,334.0
419,1345,3,24,371.0
420,1249,3,24,335.0
421,1753,4,24,405.0
422,2080,5,24,508.0
423,1848,4,24,438.99999999999994
424,1425,3,14,94.5
425,1700,3,14,111.00000000000001
426,1700,3,14,111.00000000000001
427,1425,3,14,94.5
428,1425,3,14,94.5
429,1700,3,14,111.00000000000001
430,1700,3,14,111.00000000000001
431,1600,3,0,150.0
432,1750,3,4,140.0
433,4500,10,0,330.0
434,4100,5,36,377.0
435,945,2,0,25.9
436,1350,3,0,35.9
437,1300,3,0,34.9
438,2548,3,28,265.0
439,2150,4,16,139.0
440,2600,4,16,169.0
441,3600,5,16,234.0
442,7000,7,0,850.0
443,1970,3,35,128.0
444,1580,3,35,102.0
445,1580,3,35,102.0
446,1650,3,35,107.0
447,1650,3,35,107.0
448,4200,5,35,273.0
449,4200,5,35,273.0
450,3600,5,35,234.0
451,3600,5,35,234.0
452,1430,2,35,92.95
453,1430,2,35,92.95
454,2270,3,35,147.0
455,2270,3,35,147.0
456,995,2,35,64.67
457,995,2,35,64.67
458,1480,3,35,96.2
459,1480,3,35,96.2
460,1285,2,35,83.52
461,1285,2,35,83.52
462,2450,4,35,159.0
463,2450,4,35,159.0
464,2760,4,35,179.0
465,2760,4,35,179.0
466,2730,3,35,177.0
467,2730,3,35,177.0
468,1395,3,35,90.67
469,1395,3,35,90.67
470,620,1,8,29.99
471,1140,2,8,56.98
472,1578,3,8,70.99
473,1810,3,8,81.43
474,1750,3,29,95.0
475,783,3,16,105.0
476,981,3,16,128.0
477,981,3,16,128.0
478,783,3,16,105.0
479,783,3,16,105.0
480,981,3,16,128.0
481,981,3,16,128.0
482,648,2,16,93.16
483,648,2,16,93.16
484,3650,4,16,224.00000000000003
485,3650,4,16,224.00000000000003
486,3650,4,16,224.00000000000003
487,3650,4,16,224.00000000000003
488,2750,3,16,169.0
489,2750,3,16,169.0
490,2450,3,16,150.0
491,2450,3,16,150.0
492,2850,3,16,175.0
493,2850,3,16,175.0
494,3198,4,16,300.0
495,3198,4,16,300.0
496,1305,2,16,114.99999999999999
497,2440,3,16,275.0
498,2440,3,16,275.0
499,3165,3,16,229.99999999999997
500,3165,3,16,229.99999999999997
501,1947,3,16,185.0
502,1947,3,16,185.0
503,3963,4,16,350.0
504,3963,4,16,350.0
505,1558,2,16,137.0
506,1558,2,16,137.0
507,1628,2,16,125.0
508,1628,2,16,125.0
509,3027,4,16,242.0
510,3027,4,16,242.0
511,2697,4,16,215.0
512,2697,4,16,215.0
513,3027,4,16,242.0
514,3027,4,16,242.0
515,2697,4,16,215.0
516,2697,4,16,215.0
517,2062,3,16,146.0
518,2062,3,16,146.0
519,2330,3,16,164.0
520,2330,3,16,164.0
521,1404,3,16,105.0
522,1404,3,16,105.0
523,1404,3,16,105.0
524,1404,3,16,105.0
525,1305,2,16,114.99999999999999
526,2000,3,1,325.0
527,1050,2,31,29.0
528,2550,6,25,850.0
529,3250,5,25,725.0
530,900,2,31,25.0
531,4550,6,18,1900.0
532,5000,8,18,2200.0
533,1500,5,0,250.0
534,4400,5,0,650.0
535,4859,9,18,1600.0
536,1608,3,10,369.0
537,1608,3,10,369.0
538,1608,3,10,369.0
539,1608,3,10,369.0
540,2126,4,10,508.0
541,2126,4,10,508.0
542,2122,4,10,480.99999999999994
543,2122,4,10,480.99999999999994
544,2105,4,10,504.0
545,2105,4,10,504.0
546,2100,4,10,478.0
547,2100,4,10,478.0
548,1630,3,10,372.0
549,1630,3,10,372.0
550,2250,5,18,850.0
551,2150,3,18,300.0
552,5150,5,18,2500.0
553,1900,3,14,133.0
554,950,2,6,29.38
555,4455,4,9,596.0
556,3300,3,0,484.99999999999994
557,2150,5,0,450.0
558,1935,5,0,350.0
559,3000,4,4,297.0
560,3720,4,4,368.0
561,3720,4,4,368.0
562,2500,3,4,247.00000000000003
563,2500,3,4,247.00000000000003
564,2970,4,4,294.0
565,2970,4,4,294.0
566,2575,3,4,254.0
567,2575,3,4,254.0
568,3550,4,4,351.0
569,3550,4,4,351.0
570,1350,3,16,98.0
571,2350,3,16,142.0
572,1700,3,16,225.0
573,1750,3,16,135.0
574,4225,4,16,463.99999999999994
575,3515,4,16,385.0
576,1750,3,16,148.0
577,1155,2,16,86.0
578,1155,2,16,86.0
579,1155,2,16,86.0
580,1155,2,16,86.0
581,1155,2,16,86.0
582,1820,4,29,75.0
583,1850,4,29,84.0
584,2150,3,18,300.0
585,659,2,27,21.8
586,1050,2,31,25.0
587,1050,2,31,25.0
588,1050,2,31,25.0
589,1050,2,31,25.0
590,1050,2,31,25.0
591,1050,2,31,25.0
592,650,1,31,15.0
593,1000,2,31,25.75
594,1050,2,31,25.75
595,1050,2,31,25.75
596,1050,2,31,26.0
597,5150,4,18,1900.0
598,2150,2,18,850.0
599,980,3,16,102.0
600,983,3,16,90.0
601,930,3,16,110.00000000000001
602,1563,3,16,142.0
603,1646,3,16,200.0
604,2000,3,16,155.0
605,980,2,17,102.0
606,1600,3,16,147.0
607,1400,3,16,192.0
608,1350,3,16,125.0
609,2340,4,16,246.0
610,1800,3,16,210.0
611,1670,3,16,190.0
612,1800,4,16,240.0
613,2350,3,16,250.0
614,1400,3,17,134.0
615,1750,3,16,127.0
616,2000,3,16,167.0
617,3300,4,16,340.0
618,1256,3,16,128.0
619,2548,3,28,250.0
620,1734,3,16,202.0
621,1750,3,16,137.0
622,1750,3,16,140.0
623,783,3,16,105.0
624,783,3,16,105.0
625,1430,3,16,107.0
626,6000,4,41,1080.0
627,6255,4,41,1057.0
628,1043,1,16,105.0
629,957,2,23,32.1
630,963,2,23,32.7
631,962,2,23,32.65
632,675,2,23,23.25
633,960,2,23,32.15
634,650,1,31,15.0
635,1050,2,31,25.0
636,650,1,31,15.0
637,1058,2,31,25.0
638,1050,2,31,25.5
639,1050,2,31,26.5
640,1475,3,23,47.1
641,940,2,23,31.21
642,595,1,28,18.2
643,1450,3,29,68.0
644,962,2,23,32.6
645,1750,3,16,145.0
646,1250,2,29,58.0
647,1350,2,29,62.0
648,1800,3,29,80.0
649,950,2,31,30.8
650,5150,4,18,2000.0
651,810,2,16,82.0
652,3501,4,4,368.0
653,1050,2,31,26.0
654,650,1,32,16.0
655,1050,2,31,27.75
656,2548,3,28,265.0
657,1053,2,24,122.0
658,1248,3,24,335.0
659,1314,3,4,275.0
660,1440,3,32,95.0
661,1025,2,15,73.8
662,650,2,33,17.85
663,550,1,31,13.0
664,850,2,31,18.5
665,950,2,0,29.9
666,950,2,40,29.5
667,950,2,0,29.8
668,950,2,0,29.7
669,950,2,0,29.6
670,1750,3,16,145.0
671,1050,2,31,28.5
672,1050,2,31,29.5
673,950,2,6,28.0
674,1050,2,31,25.0
675,650,1,31,15.0
676,1050,2,31,26.5
677,1050,2,31,25.0
678,1050,2,31,26.5
679,1050,2,31,25.0
680,5150,8,0,2000.0
681,3650,5,25,975.0
682,4690,5,25,1100.0
683,3250,6,18,750.0
684,2050,4,16,198.0
685,1750,3,29,76.0
686,1320,3,29,74.0
687,550,1,31,13.5
688,800,2,33,20.85
689,850,2,31,18.5
690,850,2,31,16.0
691,850,2,31,18.5
692,550,1,31,13.5
693,800,2,33,20.85
694,850,2,31,16.5
695,550,1,31,13.5
696,800,2,33,20.85
697,800,2,33,20.85
698,800,2,33,20.85
699,550,1,31,13.0
700,950,2,0,26.0
701,850,2,31,18.0
702,850,2,31,16.5
703,550,1,31,13.0
704,550,1,31,13.0
705,6250,5,10,765.0
706,3465,4,10,424.0
707,3325,4,10,407.0
708,6250,5,10,765.0
709,3775,4,10,462.0
710,3465,4,10,424.0
711,3575,4,10,437.0
712,3325,4,10,407.0
713,3775,4,10,462.0
714,6100,5,10,747.0
715,3575,4,10,437.0
716,6100,5,10,747.0
717,5550,4,10,679.0
718,5550,4,10,679.0
719,2700,3,10,303.0
720,2700,3,10,303.0
721,2850,3,10,320.0
722,2850,3,10,320.0
723,5900,5,10,722.0
724,5900,5,10,722.0
725,4700,4,15,594.0
726,1050,2,31,29.0
727,1050,2,31,27.0
728,1050,2,31,28.5
729,1050,2,31,26.0
730,1050,2,31,26.5
731,1050,2,31,28.0
732,1050,2,31,26.5
733,1050,2,31,25.0
734,1050,2,31,26.0
735,1050,2,31,29.0
736,588,1,22,17.27
737,950,2,38,27.9
738,948,2,0,27.9
739,580,1,22,16.95
740,575,1,33,16.85
741,590,1,6,17.45
742,798,2,32,20.85
743,799,2,32,20.85
744,1550,3,29,70.0
745,804,2,17,82.35
746,1947,3,16,182.0
747,1440,3,0,82.0
748,650,2,33,17.85
749,1500,3,32,57.51
750,1500,3,32,57.53
751,650,1,31,15.0
752,650,1,31,15.0
753,650,1,31,15.0
754,650,1,31,15.0
755,1050,2,31,25.0
756,1050,2,31,25.5
757,1050,2,31,25.75
758,1050,2,31,26.0
759,1050,2,31,26.0
760,1050,2,31,26.5
761,1050,2,31,28.0
762,1050,2,31,25.0
763,650,1,32,16.0
764,650,1,32,16.0
765,650,1,32,15.75
766,650,1,32,15.5
767,650,1,32,15.0
768,1050,2,31,25.0
769,1050,2,31,28.0
770,1530,3,0,53.95
771,1675,3,16,106.0
772,1675,3,16,106.0
773,1675,3,16,106.0
774,1675,3,16,106.0
775,956,2,0,28.21
776,967,2,0,29.85
777,1580,3,29,78.0
778,1670,3,11,75.0
779,2511,4,33,225.0
780,2511,4,33,225.0
781,2124,3,33,191.0
782,2124,3,33,191.0
783,1656,3,33,149.0
784,1656,3,33,149.0
785,1775,3,17,180.0
786,1775,3,17,180.0
787,1775,3,17,180.0
788,1350,2,17,125.0
789,1350,2,17,125.0
790,1300,3,14,85.8
791,1100,2,6,28.0
792,1050,2,31,26.5
793,1050,2,31,29.0
794,3302,3,5,235.0
795,2548,3,28,267.0
796,2400,3,10,303.0
797,3617,4,5,470.0
798,2458,4,5,340.0
799,3200,4,16,247.00000000000003
800,3200,4,16,247.00000000000003
801,2000,3,16,157.0
802,2000,3,16,157.0
803,2300,3,16,179.0
804,2300,3,16,179.0
805,1625,3,16,129.0
806,1625,3,16,129.0
807,3000,4,4,297.0
808,3000,4,4,297.0
809,3720,4,4,368.0
810,3720,4,4,368.0
811,3000,4,4,297.0
812,3000,4,4,297.0
813,3720,4,4,368.0
814,3720,4,4,368.0
815,2500,3,4,247.00000000000003
816,2500,3,4,247.00000000000003
817,2970,4,4,294.0
818,2970,4,4,294.0
819,2575,3,4,254.0
820,2575,3,4,254.0
821,3550,4,4,351.0
822,3550,4,4,351.0
823,3501,4,4,470.0
824,3501,4,4,470.0
825,4482,4,4,605.0
826,4482,4,4,605.0
827,6570,5,4,890.0
828,6570,5,4,890.0
829,1850,4,29,90.0
830,4700,4,15,750.0
831,4700,4,15,750.0
832,4700,4,15,750.0
833,4700,4,15,750.0
834,950,2,40,29.9
835,950,2,40,29.7
836,1137,2,16,85.27
837,1137,2,16,85.27
838,1050,2,32,29.3
839,1050,2,32,29.7
840,1050,2,32,29.6
841,1050,2,32,29.0
842,1050,2,32,28.8
843,650,1,32,15.0
844,1058,2,31,29.0
845,650,1,31,15.0
846,650,1,31,15.0
847,650,1,31,15.0
848,650,1,31,15.0
849,650,1,31,15.0
850,650,1,31,15.75
851,650,1,31,15.75
852,650,1,31,15.75
853,650,1,31,15.75
854,1050,2,31,25.0
855,1050,2,31,25.0
856,1050,2,31,25.0
857,1050,2,31,25.0
858,1450,3,31,42.5
859,1050,2,31,25.0
860,650,1,31,15.75
861,650,1,31,15.75
862,1050,2,31,25.0
863,1050,2,31,25.0
864,1050,2,31,25.0
865,1050,2,31,25.0
866,1450,3,31,42.5
867,1050,2,31,25.0
868,650,1,31,15.0
869,1050,2,31,25.0
870,650,1,31,15.0
871,650,1,31,15.0
872,650,1,31,15.0
873,1050,2,32,27.5
874,1050,2,31,29.0
875,1050,2,31,25.0
876,1050,2,31,25.0
877,950,2,0,29.5
878,1128,3,16,40.0
879,1140,3,16,36.8
880,1400,2,16,40.0
881,1100,3,16,41.45
882,2800,4,36,308.0
883,3000,4,40,350.0
884,2800,4,40,324.0
885,2800,4,40,324.0
886,650,1,31,15.0
887,650,1,31,15.75
888,1050,2,31,25.0
889,1050,2,31,25.0
890,650,1,31,15.0
891,650,1,31,15.0
892,1050,2,31,27.5
893,1050,2,31,27.0
894,1050,2,31,26.5
895,1050,2,31,26.5
896,1050,2,31,28.0
897,1000,2,31,28.5
898,1050,2,31,28.0
899,1050,2,31,29.0
900,1050,2,0,28.5
901,1050,2,0,29.5
902,1050,2,30,29.7
903,1050,2,31,26.51
904,1050,2,31,26.5
905,1050,2,31,27.5
906,1050,2,31,29.5
907,1050,2,31,27.5
908,1000,2,31,25.0
909,550,1,31,14.99
910,550,1,31,13.99
911,1050,2,31,27.5
912,1050,2,31,26.0
913,650,1,31,15.5
914,650,1,31,15.5
915,650,1,31,15.0
916,1050,2,31,26.0
917,1050,2,31,25.8
918,1050,2,31,25.8
919,1050,2,31,27.5
920,650,1,31,15.0
921,650,1,31,15.75
922,1050,2,25,31.97
923,1500,3,25,42.11
924,950,2,33,28.41
925,1250,3,33,41.96
926,950,2,40,29.8
927,2100,4,10,428.0
928,2700,3,10,290.0
929,1245,2,24,149.0
930,970,2,5,29.67
931,962,2,23,28.27
932,6000,4,41,900.0
933,940,2,14,66.5
934,940,2,14,65.8
935,840,2,14,59.0
936,840,2,14,58.8
937,1480,3,14,105.0
938,1480,3,14,103.0
939,1255,3,14,87.85
940,2500,3,36,275.0
941,1907,3,16,146.0
942,1285,3,16,98.0
943,2999,4,0,615.0
944,1430,3,16,151.0
945,2555,3,16,187.0
946,2555,3,16,187.0
947,2040,3,16,150.0
948,2040,3,16,150.0
949,3355,4,16,211.0
950,3355,4,16,211.0
951,1700,3,16,128.0
952,1700,3,16,128.0
953,1100,3,16,41.45
954,1155,2,16,86.0
955,1155,2,16,86.0
956,1155,2,16,86.0
957,1155,2,16,86.0
958,2555,3,16,187.0
959,2555,3,16,187.0
960,2040,3,16,150.0
961,2040,3,16,150.0
962,2555,3,16,187.0
963,2555,3,16,187.0
964,2040,3,16,150.0
965,2040,3,16,150.0
966,3355,4,16,211.0
967,3355,4,16,211.0
968,1700,3,16,128.0
969,1700,3,16,128.0
970,1137,2,16,85.27
971,1137,2,16,85.27
972,3200,4,16,176.0
973,2300,3,16,126.0
974,3200,4,16,176.0
975,3200,4,16,176.0
976,2300,3,16,126.0
977,2300,3,16,126.0
978,1750,3,16,96.25
979,1750,3,16,96.25
980,1750,3,16,96.25
981,3200,4,16,247.00000000000003
982,3200,4,16,247.00000000000003
983,2000,3,16,157.0
984,2000,3,16,157.0
985,3200,4,16,247.00000000000003
986,3200,4,16,247.00000000000003
987,2000,3,16,157.0
988,2000,3,16,157.0
989,2300,3,16,179.0
990,2300,3,16,179.0
991,1625,3,16,129.0
992,1625,3,16,129.0
993,1155,2,16,86.0
994,1155,2,16,86.0
995,1155,2,16,86.0
996,1155,2,16,86.0
997,1100,2,39,77.0
998,3000,4,40,350.0
999,2800,4,40,325.0
1000,2095,3,16,150.0
1001,1190,2,16,75.0
1002,1110,2,12,74.0
1003,2095,3,16,140.0
1004,1500,3,40,165.0
1005,2800,4,40,319.0
1006,1750,3,40,210.0
1007,1750,3,40,210.0
1008,1500,3,40,160.0
1009,3000,4,40,350.0
1010,3000,4,40,350.0
1011,1500,3,40,155.0
1012,2800,4,40,324.0
1013,1100,2,16,81.0
1014,1137,2,16,79.0
1015,1305,2,16,113.99999999999999
1016,3302,3,5,324.0
1017,3996,4,5,340.0
1018,950,2,2,29.25
1019,950,2,2,29.6
1020,950,2,2,29.5
1021,950,2,6,28.8
1022,950,2,28,32.18
1023,955,2,27,30.5
1024,2007,3,10,330.0
1025,1185,3,17,113.99999999999999
1026,1404,3,16,105.0
1027,1220,2,41,165.0
1028,1355,3,15,97.56
1029,3600,6,0,400.0
1030,6750,7,0,650.0
1031,7600,6,18,2600.0
1032,2340,4,23,175.0
1033,8100,8,0,675.0
1034,7560,7,0,900.0
1035,2920,4,0,250.0
1036,3240,5,0,310.0
1037,1695,3,12,75.0
1038,1070,2,12,44.0
1039,3600,4,12,225.0
1040,1955,3,0,120.0
1041,3400,4,12,310.0
1042,925,2,12,42.0
1043,1725,3,12,72.0
1044,985,2,31,29.67
1045,944,2,33,28.32
1046,947,2,32,28.31
1047,952,2,34,28.39
1048,962,2,35,28.41
1049,956,2,2,28.21
1050,958,2,0,27.74
1051,958,2,2,30.32
1052,1920,4,14,142.0
1053,1920,4,14,134.0
1054,1255,3,14,88.1
1055,950,2,27,33.0
1056,950,2,27,30.65
1057,950,2,27,32.24
1058,960,2,39,29.64
1059,957,2,6,28.2
1060,977,2,2,28.43
1061,987,2,6,29.87
1062,950,2,27,32.3
1063,970,2,27,31.4
1064,1155,2,16,86.0
1065,1155,2,16,86.0
1066,1732,3,33,114.99999999999999
1067,3600,8,0,210.0
1068,1015,2,34,48.0
1069,950,2,2,29.96
1070,950,2,2,29.87
1071,950,2,4,29.66
1072,950,2,2,29.77
1073,950,2,2,29.66
1074,950,2,2,29.73
1075,950,2,2,29.65
1076,950,2,0,29.88
1077,968,2,27,32.27
1078,550,1,27,17.25
1079,585,1,27,17.2
1080,1450,3,27,44.65
1081,656,2,27,21.65
1082,957,2,27,30.6
1083,658,2,27,23.0
1084,950,2,27,32.15
1085,659,2,27,23.1
1086,965,2,27,32.25
1087,975,2,27,32.35
1088,945,2,27,31.85
1089,968,2,27,32.27
1090,550,1,27,17.25
1091,585,1,27,17.2
1092,675,2,27,22.2
1093,690,2,27,22.22
1094,550,1,27,17.42
1095,958,2,27,31.54
1096,635,2,27,21.74
1097,945,2,27,32.22
1098,968,2,27,31.74
1099,940,2,27,30.74
1100,957,2,27,30.6
1101,658,2,27,23.0
1102,950,2,27,32.15
1103,659,2,27,23.1
1104,965,2,27,32.25
1105,975,2,27,32.35
1106,945,2,27,31.85
1107,1137,2,16,85.27
1108,1137,2,16,85.27
1109,950,2,2,29.7
1110,945,2,27,30.85
1111,565,1,27,17.34
1112,950,2,27,33.87
1113,1100,4,28,35.65
1114,950,2,27,33.27
1115,965,2,27,31.34
1116,951,2,27,30.3
1117,948,2,27,31.17
1118,660,2,28,22.35
1119,950,2,27,33.45
1120,950,2,27,32.7
1121,690,2,27,23.25
1122,700,2,27,22.05
1123,952,2,27,30.35
1124,935,2,27,30.24
1125,940,2,27,29.75
1126,1050,2,27,33.4
1127,975,2,27,32.34
1128,960,2,2,30.15
1129,950,2,6,29.1
1130,700,2,28,23.17
1131,950,2,6,28.5
1132,950,2,6,28.6
1133,950,2,6,28.7
1134,950,2,4,29.8
1135,950,2,2,29.9
1136,3312,3,5,315.0
1137,3312,3,5,315.0
1138,495,1,12,30.0
1139,3750,5,24,550.0
1140,3370,4,24,468.0
1141,3131,4,24,404.0
1142,2335,4,37,160.0
1143,1895,3,37,125.0
1144,1645,3,37,106.0
1145,4874,4,5,415.00000000000006
1146,3996,4,5,340.0
1147,3302,3,5,281.0
1148,3027,4,16,254.0
1149,3200,4,17,224.00000000000003
1150,2415,3,0,95.73
1151,1347,3,0,54.72
1152,928,2,0,38.63
1153,1293,3,0,52.65
1154,1430,3,0,57.91
1155,1155,2,16,83.16
1156,1907,3,16,146.0
1157,2330,3,16,200.99999999999997
1158,2330,3,16,204.0
1159,1400,3,16,101.0
1160,1615,3,16,104.0
1161,1615,3,16,106.0
1162,1675,3,16,111.00000000000001
1163,2350,3,16,155.0
1164,3200,4,16,196.0
1165,890,2,32,57.5
1166,1200,2,32,57.43
1167,1220,3,32,72.0
1168,1760,3,32,69.99
1169,2062,3,16,143.0
1170,1350,3,33,110.00000000000001
1171,1370,2,35,95.0
1172,1625,3,35,125.0
1173,1625,3,35,125.0
1174,1735,3,37,199.0
1175,1735,3,37,199.0
1176,2890,3,37,306.0
1177,2890,4,37,369.0
1178,3501,4,4,470.0
1179,3501,4,4,470.0
1180,4482,4,4,605.0
1181,4482,4,4,605.0
1182,6570,5,4,890.0
1183,6570,5,4,890.0
1184,4082,4,17,306.0
1185,1395,3,16,110.00000000000001
1186,1690,3,16,138.0
1187,1505,3,12,90.0
1188,3030,4,33,287.0
1189,1675,3,16,130.0
1190,2800,4,40,326.0
1191,1100,2,39,75.5
1192,2350,3,16,183.0
1193,1675,3,16,126.0
1194,3200,4,17,240.0
1195,2350,3,17,176.0
1196,1850,3,17,138.0
1197,1750,3,16,128.0
1198,1750,3,16,135.0
1199,3165,3,16,300.0
1200,2461,3,16,240.0
1201,1265,2,16,130.0
1202,1907,3,16,195.0
1203,2300,3,16,172.0
1204,3200,4,16,240.0
1205,6750,5,37,550.0
1206,2258,3,24,300.0
1207,2350,3,16,180.0
1208,3300,4,16,254.99999999999997
1209,1137,2,16,85.0
1210,1165,2,16,93.0
1211,1980,3,16,148.0
1212,2230,3,16,167.0
1213,3200,4,16,240.0
1214,4874,4,5,517.0
1215,3302,3,5,346.0
1216,1245,2,16,99.6
1217,1350,3,27,45.35
1218,1120,3,16,39.99
1219,1180,3,16,39.0
1220,1100,3,16,36.8
1221,1140,3,16,36.9
1222,2800,4,40,320.0
1223,1350,2,16,79.0
1224,1675,3,16,110.00000000000001
1225,2800,4,40,320.0
1226,2800,4,40,298.0
1227,1500,3,40,151.0
1228,1300,3,40,130.0
1229,1085,2,16,77.0
1230,1675,3,16,124.0
1231,3430,4,36,377.0
1232,2350,3,16,199.0
1233,6570,5,4,847.0000000000001
1234,3501,4,4,472.0
1235,2500,3,4,250.0
1236,1980,3,16,152.0
1237,1881,2,33,178.0
1238,1250,2,36,60.0
1239,1350,2,17,125.0
1240,1350,2,17,125.0
1241,5272,7,5,475.0
1242,1195,2,16,75.0
1243,2800,4,40,310.0
1244,1195,2,16,75.0
1245,1500,3,40,145.0
1246,1675,3,16,114.99999999999999
1247,1500,3,40,145.0
1248,2040,3,16,157.0
1249,2555,3,16,196.0
1250,1700,3,16,117.0
1251,2230,3,16,176.0
1252,4482,4,4,578.0
1253,900,2,0,85.0
1254,2500,3,36,275.0
1255,1400,3,16,102.0
1256,1695,3,12,75.0
1257,1575,3,16,130.0
1258,1656,3,33,182.0
1259,1971,2,33,197.0
1260,1575,3,16,130.0
1261,2335,4,37,185.0
1262,954,3,21,49.36
1263,604,2,21,37.96
1264,954,3,21,49.36
1265,713,2,21,43.24
1266,713,2,21,43.24
1267,1224,4,21,66.4
1268,1224,4,21,66.4
1269,792,3,21,50.52
1270,792,3,21,50.52
1271,558,2,21,36.6
1272,558,2,21,36.6
1273,690,1,0,23.9
1274,690,1,0,23.9
1275,590,1,0,20.44
1276,590,1,0,20.44
1277,690,1,0,23.9
1278,690,1,0,23.9
1279,590,1,0,20.44
1280,590,1,0,20.44
1281,500,1,19,21.0
1282,500,1,19,21.0
1283,500,1,19,21.0
1284,500,1,19,21.0
1285,1074,2,36,62.0
1286,5100,4,5,475.0
1287,4874,4,5,511.00000000000006
1288,1350,3,9,180.0
1289,3195,4,9,425.0
1290,2124,3,33,216.0
1291,1750,3,33,67.5
1292,2124,3,33,216.0
1293,2511,4,33,290.0
1294,2548,3,28,270.0
1295,2124,3,33,223.0
1296,950,2,0,28.6
1297,2070,3,9,280.0
1298,1200,2,32,57.42
1299,1645,3,36,86.36
1300,1431,2,33,145.0
1301,4874,4,5,450.0
1302,2511,4,33,263.0
1303,2990,4,16,236.0
1304,3355,4,16,258.0
1305,950,2,27,30.64
1306,1340,3,13,74.0
1307,1075,2,32,79.9
1308,1075,2,32,80.0
1309,1000,2,31,28.54
1310,1750,3,16,158.0
1311,2700,3,10,321.0
1312,1750,3,16,140.0
1313,1500,3,33,114.99999999999999
1314,1350,3,33,90.0
1315,2186,4,34,135.0
1316,2500,3,36,268.0
1317,1730,2,37,168.0
1318,1690,3,37,130.0
1319,1140,3,16,35.8
1320,1110,3,16,40.01
1321,1150,3,16,39.0
1322,1100,3,16,37.0
1323,1140,3,16,37.0
1324,1500,3,16,35.0
1325,1201,3,16,40.05
1326,1140,3,16,35.0
1327,1201,3,16,40.0
1328,1201,3,16,40.0
1329,1100,3,16,40.0
1330,1100,3,16,40.0
1331,1100,3,16,40.0
1332,1110,3,16,40.0
1333,1100,3,16,39.8
1334,1400,3,16,40.0
1335,1140,3,16,40.08
1336,1130,3,16,38.6
1337,1110,3,16,40.0
1338,1110,3,16,40.0
1339,1110,3,16,40.07
1340,1110,3,16,40.07
1341,1120,3,16,45.0
1342,593,1,2,17.67
1343,950,2,2,29.0
1344,1675,3,16,120.0
1345,1195,2,16,70.0
1346,1675,3,16,125.0
1347,2190,3,16,160.0
1348,1675,3,16,110.00000000000001
1349,2095,3,16,145.0
1350,1200,3,12,80.0
1351,1750,3,40,195.0
1352,1100,2,39,77.0
1353,1900,3,39,180.0
1354,1195,2,16,74.0
1355,1750,3,40,199.0
1356,1675,3,16,110.00000000000001
1357,2095,4,16,129.0
1358,1195,2,16,75.0
1359,1170,2,15,85.0
1360,550,1,39,17.15
1361,1100,2,25,34.0
1362,1350,3,27,41.0
1363,950,2,27,32.0
1364,1400,2,31,38.0
1365,1000,2,31,25.0
1366,950,2,27,32.0
1367,1375,3,25,40.0
1368,1050,2,31,28.6
1369,980,2,31,24.5
1370,950,2,31,24.0
1371,1000,2,27,33.0
1372,1350,3,27,41.0
1373,1400,3,27,42.0
1374,950,2,27,28.0
1375,1050,2,25,28.5
1376,2100,4,27,65.0
1377,950,2,31,25.0
1378,950,2,27,30.0
1379,980,2,2,31.0
1380,1400,3,31,38.0
1381,1350,3,27,45.0
1382,950,2,31,24.0
1383,1050,2,27,32.0
1384,1100,2,27,35.0
1385,1350,3,31,37.0
1386,1400,3,31,38.0
1387,1000,2,31,25.0
1388,1050,2,27,29.75
1389,950,2,27,28.5
1390,1050,2,25,28.0
1391,985,2,25,28.1
1392,1492,2,27,43.0
1393,1050,2,27,33.5
1394,1370,2,37,95.0
1395,1100,2,25,30.0
1396,1050,2,25,29.0
1397,1000,2,27,29.5
1398,1000,2,25,28.25
1399,1000,2,25,27.0
1400,1060,2,25,28.18
1401,1400,3,27,42.0
1402,1040,2,27,31.5
1403,1385,3,25,39.0
1404,1050,2,27,31.5
1405,1440,3,27,40.5
1406,1400,3,27,44.5
1407,900,2,27,27.0
1408,1050,2,27,29.5
1409,1100,2,27,30.0
1410,1450,3,25,42.0
1411,1080,2,25,30.0
1412,1100,2,27,30.0
1413,1100,2,26,29.0
1414,1110,3,16,40.01
1415,1100,3,16,36.0
1416,1100,3,16,39.0
1417,1100,3,16,41.0
1418,1800,3,16,40.0
1419,1154,3,16,38.0
1420,1160,3,16,39.8
1421,1100,3,16,35.0
1422,1100,3,16,41.45
1423,1201,3,16,40.05
1424,1500,3,16,65.0
1425,1100,3,16,41.45
1426,1120,3,16,34.0
1427,1201,3,16,40.01
1428,1140,3,16,39.8
1429,3250,6,18,750.0
1430,1890,3,16,40.05
1431,1100,3,16,41.45
1432,1500,3,16,33.0
1433,1200,3,16,40.0
1434,1100,3,16,40.0
1435,1160,3,16,36.5
1436,1110,3,16,40.0
1437,1100,3,16,39.8
1438,1140,3,16,40.88
1439,1150,3,16,36.0
1440,1150,3,16,37.05
1441,1180,3,16,36.98
1442,1110,3,16,40.01
1443,1500,3,16,35.0
1444,1100,3,16,35.0
1445,1199,3,16,35.0
1446,1140,3,16,38.9
1447,3000,6,0,450.0
1448,7500,8,0,574.0
1449,1300,2,37,105.0
1450,1445,3,34,85.0
1451,1147,2,34,66.5
1452,1147,2,34,70.0
1453,1472,3,34,80.0
1454,1230,2,32,78.0
1455,2500,3,36,240.0
1456,1380,2,37,105.0
1457,1370,3,35,87.0
1458,950,2,35,51.0
1459,955,2,26,28.0
1460,510,1,26,14.5
1461,980,2,27,35.0
1462,970,2,26,25.75
1463,8000,5,33,500.0
1464,8000,5,33,500.0
1465,495,1,12,30.0
1466,2335,4,37,157.0
1467,1645,3,37,106.0
1468,2715,5,37,187.0
1469,1895,3,37,123.0
1470,1215,2,37,81.1
1471,1620,3,37,110.00000000000001
1472,1385,2,37,93.7
1473,8500,4,16,956.0
1474,8500,4,16,956.0
1475,8000,4,16,900.0
1476,8000,4,16,900.0
1477,8500,4,16,956.0
1478,8500,4,16,956.0
1479,8000,4,16,900.0
1480,8000,4,16,900.0
1481,771,2,16,79.0
1482,771,2,16,79.0
1483,801,2,16,84.04
1484,801,2,16,84.04
1485,773,2,16,79.21
1486,773,2,16,79.21
1487,771,2,16,79.0
1488,771,2,16,79.0
1489,801,2,16,84.04
1490,801,2,16,84.04
1491,773,2,16,79.21
1492,773,2,16,79.21
1493,1455,3,16,151.0
1494,1455,3,16,151.0
1495,977,2,16,96.96
1496,977,2,16,96.96
1497,1903,4,16,199.0
1498,1903,4,16,199.0
1499,1202,3,16,118.0
1500,1202,3,16,118.0
1501,1675,3,16,94.7
1502,1675,3,16,94.7
1503,1615,3,16,91.46
1504,1615,3,16,91.46
1505,1675,3,16,94.7
1506,1675,3,16,94.7
1507,1615,3,16,91.46
1508,1615,3,16,91.46
1509,2040,3,16,150.0
1510,2040,3,16,150.0
1511,3355,4,16,211.0
1512,3355,4,16,211.0
1513,1700,3,16,128.0
1514,1700,3,16,128.0
1515,8500,4,16,956.0
1516,8500,4,16,956.0
1517,8000,4,16,900.0
1518,8000,4,16,900.0
1519,8500,4,16,956.0
1520,8500,4,16,956.0
1521,8000,4,16,900.0
1522,8000,4,16,900.0
1523,3200,4,16,176.0
1524,2300,3,16,126.0
1525,1750,3,16,96.25
1526,3200,4,16,247.00000000000003
1527,3200,4,16,247.00000000000003
1528,3200,4,16,247.00000000000003
1529,3200,4,16,247.00000000000003
1530,2000,3,16,157.0
1531,2000,3,16,157.0
1532,2300,3,16,179.0
1533,2300,3,16,179.0
1534,1625,3,16,129.0
1535,1625,3,16,129.0
1536,1519,3,16,164.0
1537,1519,3,16,164.0
1538,2251,4,16,227.0
1539,2251,4,16,227.0
1540,1519,3,16,164.0
1541,1519,3,16,164.0
1542,2251,4,16,227.0
1543,2251,4,16,227.0
1544,1430,3,16,150.0
1545,1430,3,16,150.0
1546,1750,3,16,108.0
1547,1750,3,16,108.0
1548,3220,4,16,225.99999999999997
1549,3220,4,16,225.99999999999997
1550,1750,3,16,108.0
1551,1750,3,16,108.0
1552,3220,4,16,225.99999999999997
1553,3220,4,16,225.99999999999997
1554,2190,3,16,142.0
1555,2190,3,16,142.0
1556,2460,3,16,174.0
1557,2460,3,16,174.0
1558,1465,2,16,103.0
1559,1425,2,16,101.0
1560,1945,3,16,137.0
1561,2385,3,16,169.0
1562,1760,3,16,124.0
1563,3027,4,16,242.0
1564,3027,4,16,242.0
1565,3027,4,16,242.0
1566,3027,4,16,242.0
1567,2697,4,16,215.0
1568,2697,4,16,215.0
1569,2062,3,16,146.0
1570,2062,3,16,146.0
1571,2330,3,16,164.0
1572,2330,3,16,164.0
1573,1350,2,17,125.0
1574,1350,2,17,125.0
1575,1350,2,17,125.0
1576,1350,2,17,125.0
1577,1248,3,24,334.0
1578,1345,3,24,371.0
1579,1249,3,24,335.0
1580,2510,3,33,288.0
1581,5300,5,33,609.0
1582,3525,4,36,423.00000000000006
1583,3525,4,36,423.00000000000006
1584,3525,4,36,423.00000000000006
1585,3525,4,36,423.00000000000006
1586,3070,3,36,368.0
1587,3070,3,36,368.0
1588,3020,3,36,362.0
1589,3020,3,36,362.0
1590,3475,3,36,417.0
1591,3475,3,36,417.0
1592,2500,3,36,300.0
1593,2500,3,36,300.0
1594,3775,5,36,453.0
1595,3775,5,36,453.0
1596,3370,4,36,404.0
1597,3370,4,36,404.0
1598,3430,4,36,411.00000000000006
1599,3430,4,36,411.00000000000006
1600,4425,4,36,531.0
1601,4425,4,36,531.0
1602,4874,4,5,413.99999999999994
1603,4874,4,5,413.99999999999994
1604,4874,4,5,413.99999999999994
1605,3302,3,5,280.0
1606,4874,4,5,413.99999999999994
1607,3302,3,5,280.0
1608,3312,3,5,281.0
1609,4874,4,5,413.99999999999994
1610,3312,3,5,281.0
1611,4874,4,5,413.99999999999994
1612,3996,4,5,339.0
1613,3996,4,5,339.0
1614,3302,3,5,280.0
1615,3302,3,5,280.0
1616,3312,3,5,281.0
1617,3312,3,5,281.0
1618,3996,4,5,339.0
1619,3996,4,5,339.0
1620,3650,4,16,224.00000000000003
1621,3650,4,16,224.00000000000003
1622,3650,4,16,224.00000000000003
1623,3650,4,16,224.00000000000003
1624,2750,3,16,169.0
1625,2750,3,16,169.0
1626,2450,3,16,150.0
1627,2450,3,16,150.0
1628,2850,3,16,175.0
1629,2850,3,16,175.0
1630,3198,4,16,300.0
1631,1305,2,16,114.99999999999999
1632,2440,3,16,275.0
1633,3165,3,16,229.99999999999997
1634,1947,3,16,185.0
1635,3963,4,16,350.0
1636,1558,2,16,137.0
1637,1628,2,16,125.0
1638,1248,3,24,334.0
1639,1345,3,24,371.0
1640,3996,4,5,339.0
1641,3302,3,5,280.0
1642,3302,3,5,280.0
1643,3312,3,5,281.0
1644,3312,3,5,281.0
1645,3996,4,5,339.0
1646,3996,4,5,339.0
1647,3650,4,16,224.00000000000003
1648,3650,4,16,224.00000000000003
1649,3650,4,16,224.00000000000003
1650,3650,4,16,224.00000000000003
1651,2750,3,16,169.0
1652,2750,3,16,169.0
1653,2450,3,16,150.0
1654,2450,3,16,150.0
1655,2850,3,16,175.0
1656,2850,3,16,175.0
1657,3198,4,16,300.0
1658,1305,2,16,114.99999999999999
1659,2440,3,16,275.0
1660,1322,3,16,204.99999999999997
1661,1794,3,16,279.0
1662,1794,3,16,279.0
1663,849,2,16,130.0
1664,849,2,16,130.0
1665,1775,3,17,180.0
1666,1350,2,17,125.0
1667,1775,3,17,180.0
1668,1775,3,17,180.0
1669,1775,3,17,180.0
1670,1907,3,16,146.0
1671,2700,4,16,214.0
1672,3027,4,16,239.0
1673,1907,3,16,146.0
1674,1907,3,16,146.0
1675,2700,4,16,214.0
1676,2700,4,16,214.0
1677,3027,4,16,239.0
1678,3027,4,16,239.0
1679,2062,3,16,163.0
1680,2062,3,16,163.0
1681,2330,3,16,164.0
1682,2330,3,16,164.0
1683,3720,4,4,390.0
1684,2500,3,4,262.0
1685,3720,4,4,390.0
1686,3720,4,4,390.0
1687,2500,3,4,262.0
1688,2500,3,4,262.0
1689,2970,4,4,311.0
1690,2970,4,4,311.0
1691,2575,3,4,270.0
1692,2575,3,4,270.0
1693,3550,4,4,372.0
1694,3550,4,4,372.0
1695,1753,4,24,405.0
1696,1753,4,24,405.0
1697,2080,5,24,508.0
1698,2080,5,24,508.0
1699,1848,4,24,438.99999999999994
1700,1848,4,24,438.99999999999994
1701,1608,3,10,329.0
1702,1608,3,10,329.0
1703,1608,3,10,329.0
1704,1608,3,10,329.0
1705,2126,4,10,454.0
1706,2126,4,10,454.0
1707,2122,4,10,430.99999999999994
1708,2122,4,10,430.99999999999994
1709,2105,4,10,450.0
1710,2105,4,10,450.0
1711,2100,4,10,428.0
1712,2100,4,10,428.0
1713,1630,3,10,334.0
1714,1630,3,10,334.0
1715,4874,4,5,413.99999999999994
1716,4874,4,5,413.99999999999994
1717,4874,4,5,413.99999999999994
1718,4874,4,5,413.99999999999994
1719,3302,3,5,280.0
1720,3302,3,5,280.0
1721,3312,3,5,281.0
1722,3312,3,5,281.0
1723,3996,4,5,339.0
1724,3996,4,5,339.0
1725,3000,4,4,297.0
1726,3000,4,4,297.0
1727,3000,4,4,297.0
1728,3000,4,4,297.0
1729,3720,4,4,368.0
1730,3720,4,4,368.0
1731,2500,3,4,247.00000000000003
1732,2500,3,4,247.00000000000003
1733,2970,4,4,294.0
1734,2970,4,4,294.0
1735,2575,3,4,254.0
1736,2575,3,4,254.0
1737,3550,4,4,351.0
1738,3550,4,4,351.0
1739,6250,5,10,765.0
1740,3000,4,4,297.0
1741,3000,4,4,297.0
1742,3000,4,4,297.0
1743,3720,4,4,368.0
1744,3720,4,4,368.0
1745,2500,3,4,247.00000000000003
1746,2500,3,4,247.00000000000003
1747,2970,4,4,294.0
1748,2970,4,4,294.0
1749,2575,3,4,254.0
1750,2575,3,4,254.0
1751,3550,4,4,351.0
1752,3550,4,4,351.0
1753,6250,5,10,765.0
1754,3465,4,10,424.0
1755,6250,5,10,765.0
1756,6250,5,10,765.0
1757,3465,4,10,424.0
1758,3465,4,10,424.0
1759,3325,4,10,407.0
1760,2100,4,10,478.0
1761,1630,3,10,372.0
1762,1630,3,10,372.0
1763,4874,4,5,413.99999999999994
1764,4874,4,5,413.99999999999994
1765,4874,4,5,413.99999999999994
1766,4874,4,5,413.99999999999994
1767,3302,3,5,280.0
1768,3302,3,5,280.0
1769,3312,3,5,281.0
1770,3312,3,5,281.0
1771,3996,4,5,339.0
1772,3996,4,5,339.0
1773,3525,4,36,423.00000000000006
1774,3070,3,36,368.0
1775,3070,3,36,368.0
1776,3525,4,36,423.00000000000006
1777,3525,4,36,423.00000000000006
1778,3070,3,36,368.0
1779,3070,3,36,368.0
1780,3020,3,36,362.0
1781,3020,3,36,362.0
1782,3475,3,36,417.0
1783,3475,3,36,417.0
1784,2500,3,36,300.0
1785,2500,3,36,300.0
1786,3775,5,36,453.0
1787,3775,5,36,453.0
1788,3370,4,36,404.0
1789,3370,4,36,404.0
1790,3430,4,36,411.00000000000006
1791,3430,4,36,411.00000000000006
1792,4425,4,36,531.0
1793,4425,4,36,531.0
1794,3501,4,4,367.0
1795,4482,4,4,470.0
1796,6570,5,4,689.0
1797,4500,9,28,900.0
1798,1900,5,0,190.0
1799,1525,3,33,100.0
1800,1355,3,15,91.0
1801,7500,8,28,350.0
1802,3000,4,4,315.0
1803,3000,4,4,315.0
1804,3720,4,4,390.0
1805,3720,4,4,390.0
1806,3000,4,4,315.0
1807,3000,4,4,315.0
1808,3720,4,4,390.0
1809,3720,4,4,390.0
1810,2500,3,4,262.0
1811,2500,3,4,262.0
1812,2970,4,4,311.0
1813,2970,4,4,311.0
1814,2575,3,4,270.0
1815,2575,3,4,270.0
1816,3550,4,4,372.0
1817,3550,4,4,372.0
1818,1248,3,24,334.0
1819,1345,3,24,371.0
1820,1165,2,16,89.7
1821,1165,2,16,89.7
1822,1690,3,16,133.0
1823,1690,3,16,133.0
1824,1165,2,16,89.7
1825,1625,3,16,128.0
1826,1690,3,16,133.0
1827,1495,3,16,118.0
1828,1625,3,16,128.0
1829,1495,3,16,118.0
1830,1245,2,16,95.86
1831,3000,4,4,315.0
1832,3000,4,4,315.0
1833,3720,4,4,390.0
1834,3720,4,4,390.0
1835,3000,4,4,315.0
1836,3000,4,4,315.0
1837,3720,4,4,390.0
1838,3720,4,4,390.0
1839,2500,3,4,262.0
1840,2122,4,10,430.99999999999994
1841,2122,4,10,430.99999999999994
1842,2105,4,10,450.0
1843,2105,4,10,450.0
1844,2100,4,10,428.0
1845,2100,4,10,428.0
1846,1630,3,10,334.0
1847,1630,3,10,334.0
1848,3198,4,16,300.0
1849,1305,2,16,114.99999999999999
1850,3198,4,16,300.0
1851,1305,2,16,114.99999999999999
1852,3198,4,16,300.0
1853,1305,2,16,114.99999999999999
1854,2440,3,16,275.0
1855,2440,3,16,275.0
1856,3165,3,16,229.99999999999997
1857,3165,3,16,229.99999999999997
1858,1947,3,16,185.0
1859,1947,3,16,185.0
1860,1848,4,24,438.99999999999994
1861,1608,3,10,329.0
1862,1608,3,10,329.0
1863,2126,4,10,454.0
1864,2126,4,10,454.0
1865,1608,3,10,329.0
1866,1608,3,10,329.0
1867,2126,4,10,454.0
1868,2126,4,10,454.0
1869,2122,4,10,430.99999999999994
1870,2122,4,10,430.99999999999994
1871,2105,4,10,450.0
1872,2105,4,10,450.0
1873,2100,4,10,428.0
1874,2100,4,10,428.0
1875,1630,3,10,334.0
1876,1630,3,10,334.0
1877,2697,4,16,215.0
1878,6250,5,10,765.0
1879,6250,5,10,765.0
1880,3465,4,10,424.0
1881,3465,4,10,424.0
1882,3325,4,10,407.0
1883,3325,4,10,407.0
1884,3775,4,10,462.0
1885,3775,4,10,462.0
1886,3575,4,10,437.0
1887,3575,4,10,437.0
1888,6100,5,10,747.0
1889,6100,5,10,747.0
1890,5550,4,10,679.0
1891,5550,4,10,679.0
1892,2700,3,10,303.0
1893,2700,3,10,303.0
1894,2850,3,10,320.0
1895,2850,3,10,320.0
1896,5900,5,10,722.0
1897,5900,5,10,722.0
1898,1285,3,16,104.0
1899,2062,3,16,209.0
1900,3995,4,5,419.00000000000006
1901,1404,3,16,109.00000000000001
1902,1404,3,16,109.00000000000001
1903,1155,2,16,88.68
1904,1155,2,16,88.68
1905,1137,2,16,86.0
1906,1137,2,16,86.0
1907,3000,4,4,297.0
1908,3000,4,4,297.0
1909,3000,4,4,297.0
1910,3000,4,4,297.0
1911,3720,4,4,368.0
1912,3720,4,4,368.0
1913,2500,3,4,247.00000000000003
1914,2500,3,4,247.00000000000003
1915,2970,4,4,294.0
1916,2970,4,4,294.0
1917,2575,3,4,254.0
1918,2575,3,4,254.0
1919,3550,4,4,351.0
1920,3550,4,4,351.0
1921,1340,3,13,84.94
1922,1340,3,13,84.94
1923,1695,3,13,107.0
1924,1695,3,13,107.0
1925,1340,3,13,84.94
1926,1340,3,13,84.94
1927,1695,3,13,107.0
1928,1695,3,13,107.0
1929,1315,2,13,88.78
1930,1315,2,13,88.78
1931,1995,3,13,131.0
1932,1995,3,13,131.0
1933,1380,2,13,94.3
1934,1380,2,13,94.3
1935,1356,2,13,85.95
1936,1356,2,13,85.95
1937,1495,3,13,96.0
1938,1495,3,13,96.0
1939,1700,3,13,117.0
1940,1700,3,13,117.0
1941,495,1,12,30.0
1942,3000,4,4,297.0
1943,3000,4,4,297.0
1944,3720,4,4,368.0
1945,3720,4,4,368.0
1946,2500,3,4,247.00000000000003
1947,2500,3,4,247.00000000000003
1948,2970,4,4,294.0
1949,2970,4,4,294.0
1950,2575,3,4,254.0
1951,2575,3,4,254.0
1952,3550,4,4,351.0
1953,3550,4,4,351.0
1954,2990,4,16,224.00000000000003
1955,1350,3,17,101.0
1956,1150,2,14,81.1
1957,1050,2,31,25.75
1958,1260,2,33,81.9
1959,1260,2,33,81.9
1960,1404,3,16,105.0
1961,1404,3,16,105.0
1962,1404,3,16,105.0
1963,1404,3,16,105.0
1964,1137,2,16,85.27
1965,1137,2,16,85.27
1966,783,3,16,105.0
1967,783,3,16,105.0
1968,981,3,16,128.0
1969,783,3,16,105.0
1970,648,2,16,93.16
1971,981,3,16,128.0
1972,648,2,16,93.16
1973,2448,4,9,270.0
1974,4700,4,15,750.0
1975,4700,4,15,750.0
1976,4700,4,15,750.0
1977,4700,4,15,750.0
1978,550,1,26,18.0
1979,3501,4,4,470.0
1980,3501,4,4,470.0
1981,4482,4,4,605.0
1982,4482,4,4,605.0
1983,6570,5,4,890.0
1984,6570,5,4,890.0
1985,1608,3,10,369.0
1986,2126,4,10,508.0
1987,2122,4,10,480.99999999999994
1988,2105,4,10,504.0
1989,2100,4,10,478.0
1990,1630,3,10,372.0
1991,4700,4,15,750.0
1992,4700,4,15,750.0
1993,4700,4,15,750.0
1994,4700,4,15,750.0
1995,3525,4,36,423.00000000000006
1996,3525,4,36,423.00000000000006
1997,3525,4,36,423.00000000000006
1998,3070,3,36,368.0
1999,3525,4,36,423.00000000000006
2000,3020,3,36,362.0
2001,3070,3,36,368.0
2002,3020,3,36,362.0
2003,3475,3,36,417.0
2004,3475,3,36,417.0
2005,2500,3,36,300.0
2006,2500,3,36,300.0
2007,3775,5,36,453.0
2008,3775,5,36,453.0
2009,3370,4,36,404.0
2010,3370,4,36,404.0
2011,3430,4,36,411.00000000000006
2012,3430,4,36,411.00000000000006
2013,4425,4,36,531.0
2014,4425,4,36,531.0
2015,1010,2,29,70.0
2016,5000,7,0,675.0
2017,7000,10,0,600.0
2018,2500,5,0,250.0
2019,3500,5,0,2400.0
2020,1248,3,24,335.0
2021,1345,3,24,372.0
2022,1345,3,24,372.0
2023,1248,3,24,335.0
2024,1248,3,24,335.0
2025,1345,3,24,372.0
2026,1345,3,24,372.0
2027,1249,3,24,335.0
2028,1249,3,24,335.0
2029,1753,4,24,405.99999999999994
2030,1753,4,24,405.99999999999994
2031,2080,5,24,509.0
2032,2080,5,24,509.0
2033,1848,4,24,440.00000000000006
2034,1848,4,24,440.00000000000006
2035,2600,5,0,500.0
2036,1800,5,27,260.0
2037,2800,7,0,825.0
2038,2000,5,28,300.0
2039,3754,5,24,560.0
2040,3131,4,24,409.99999999999994
2041,750,1,9,18.0
2042,665,1,31,15.0
2043,880,2,33,24.25
2044,2548,3,28,250.0
2045,4100,4,10,348.0
2046,825,2,12,35.0
2047,1139,2,1,62.0
2048,2012,4,1,110.00000000000001
2049,1779,3,1,96.0
2050,1050,2,26,37.0
2051,650,2,31,25.0
2052,6500,5,4,780.0
2053,750,1,9,18.0
2054,950,2,2,29.6
2055,960,2,6,29.4
2056,6300,5,10,634.0
2057,1404,3,16,76.55
2058,1137,2,16,62.0
2059,1750,3,16,108.0
2060,3220,4,16,225.99999999999997
2061,2190,3,16,142.0
2062,2460,3,16,174.0
2063,1850,3,16,103.0
2064,1850,3,16,103.0
2065,1335,3,16,74.76
2066,1335,3,16,74.76
2067,1370,3,11,54.0
2068,950,2,11,33.0
2069,1570,3,11,60.0
2070,950,2,11,35.0
2071,950,2,11,33.0
2072,3850,4,5,270.0
2073,1385,2,37,99.0
2074,1155,2,16,63.0
2075,3501,4,4,470.0
2076,3501,4,4,470.0
2077,4482,4,4,605.0
2078,4482,4,4,605.0
2079,6570,5,4,890.0
2080,6570,5,4,890.0
2081,15000,10,0,1200.0
2082,1475,3,0,67.11
2083,1650,3,0,75.07
2084,1995,3,0,90.77
2085,1095,2,0,49.82
2086,1255,2,0,57.1
2087,1795,3,0,81.67
2088,1775,3,8,80.0
2089,1719,3,9,128.0
2090,3198,4,16,300.0
2091,3198,4,16,300.0
2092,1305,2,16,114.99999999999999
2093,1305,2,16,114.99999999999999
2094,3198,4,16,300.0
2095,3198,4,16,300.0
2096,1305,2,16,114.99999999999999
2097,1305,2,16,114.99999999999999
2098,2440,3,16,275.0
2099,2440,3,16,275.0
2100,3165,3,16,229.99999999999997
2101,3165,3,16,229.99999999999997
2102,1947,3,16,185.0
2103,1947,3,16,185.0
2104,3963,4,16,350.0
2105,3963,4,16,350.0
2106,1558,2,16,137.0
2107,1558,2,16,137.0
2108,1628,2,16,125.0
2109,1628,2,16,125.0
2110,1404,3,16,109.00000000000001
2111,1404,3,16,109.00000000000001
2112,1404,3,16,109.00000000000001
2113,1404,3,16,109.00000000000001
2114,1155,2,16,88.68
2115,1155,2,16,88.68
2116,1137,2,16,86.0
2117,1137,2,16,86.0
2118,2050,4,16,198.0
2119,2050,4,16,198.0
2120,1430,3,16,150.0
2121,1430,3,16,150.0
2122,2050,4,16,198.0
2123,2050,4,16,198.0
2124,1430,3,16,150.0
2125,1430,3,16,150.0
2126,1675,3,16,106.0
2127,1675,3,16,106.0
2128,1675,3,16,106.0
2129,1675,3,16,106.0
2130,945,2,28,32.2
2131,600,1,27,20.5
2132,600,1,27,20.5
2133,1350,3,27,42.0
2134,1000,2,27,30.0
2135,1050,2,31,25.5
2136,2555,3,16,134.0
2137,2040,3,16,107.0
2138,3355,4,16,189.0
2139,1700,3,16,84.15
2140,2250,3,16,126.0
2141,3200,4,16,171.0
2142,2000,3,16,107.0
2143,2300,3,16,123.0
2144,1625,3,16,86.93
2145,3198,4,16,199.0
2146,1305,2,16,84.0
2147,3165,3,16,154.0
2148,2440,3,16,151.0
2149,1947,3,16,119.0
2150,3963,4,16,209.0
2151,1558,2,16,97.0
2152,1628,2,16,106.0
2153,1264,2,16,81.99
2154,2095,3,16,129.0
2155,1675,3,16,103.0
2156,1574,4,21,105.0
2157,1350,3,27,40.0
2158,1100,2,16,88.0
2159,1285,3,16,100.0
2160,1500,3,25,48.0
2161,950,2,25,28.5
2162,1100,2,25,35.0
2163,950,2,25,29.5
2164,950,2,25,30.0
2165,550,1,25,18.0
2166,950,2,25,28.0
2167,1800,4,27,62.0
2168,1450,3,27,48.0
2169,1050,2,27,38.0
2170,1050,2,27,38.0
2171,550,1,27,18.55
2172,900,2,27,25.0
2173,958,2,27,30.65
2174,1350,3,27,40.0
2175,900,2,27,27.0
2176,1000,2,27,28.8
2177,950,2,25,30.0
2178,950,2,25,30.0
2179,2000,4,27,75.0
2180,2200,3,12,215.0
2181,2950,3,10,355.0
2182,750,1,9,18.0
2183,1130,3,16,39.8
2184,890,2,16,136.0
2185,890,2,16,136.0
2186,1322,3,16,204.99999999999997
2187,1322,3,16,204.99999999999997
2188,1794,3,16,279.0
2189,1794,3,16,279.0
2190,849,2,16,130.0
2191,849,2,16,130.0
2192,1400,3,23,42.0
2193,600,1,25,22.0
2194,1615,3,16,125.0
2195,925,2,9,24.99
2196,925,2,9,24.99
2197,925,2,9,24.99
2198,925,2,9,24.99
2199,925,2,9,24.99
2200,1400,3,25,48.0
2201,950,2,22,25.0
2202,1800,4,0,70.0
2203,1400,3,22,42.0
2204,1100,2,22,32.0
2205,1000,2,22,28.0
2206,1350,3,22,40.0
2207,960,2,26,31.25
2208,960,2,26,31.25
2209,1150,3,9,31.9
2210,2175,3,0,335.0
2211,1580,3,25,95.0
2212,2350,3,17,150.0
2213,2105,3,36,100.0
2214,780,2,2,28.1
2215,1300,3,31,47.2
2216,1000,2,2,36.0
2217,1300,3,2,46.8
2218,1000,2,2,36.0
2219,780,2,2,28.1
2220,780,2,31,28.15
2221,1375,3,31,46.86
2222,900,2,26,32.48
2223,1300,3,26,46.85
2224,1575,3,34,67.85
2225,500,1,31,14.0
2226,900,2,2,32.4
2227,925,2,9,24.99
2228,750,1,9,17.99
2229,1200,3,9,32.0
2230,700,1,3,19.5
2231,1000,2,6,30.0
2232,1000,2,3,30.0
2233,700,1,3,19.0
2234,3800,4,4,360.0
2235,1390,3,25,41.99
2236,1400,3,0,40.0
2237,950,2,0,30.0
2238,600,1,23,18.0
2239,600,1,22,18.0
2240,3000,5,28,85.0
2241,1350,3,0,48.9
2242,1000,2,0,28.0
2243,950,2,28,31.9
2244,2500,4,28,75.0
2245,2200,3,20,51.0
2246,1450,3,23,41.9
2247,4700,4,15,600.0
2248,1070,2,12,45.0
2249,975,2,1,27.78
2250,945,2,27,32.6
2251,3000,4,4,297.0
2252,3000,4,4,297.0
2253,3000,4,4,297.0
2254,3000,4,4,297.0
2255,3720,4,4,368.0
2256,3720,4,4,368.0
2257,2500,3,4,247.00000000000003
2258,2500,3,4,247.00000000000003
2259,2970,4,4,294.0
2260,2970,4,4,294.0
2261,2575,3,4,254.0
2262,2575,3,4,254.0
2263,3550,4,4,351.0
2264,3550,4,4,351.0
2265,1675,3,16,82.91
2266,1615,3,16,79.94
2267,1400,3,16,69.3
2268,1549,3,16,79.0
2269,1262,2,16,65.0
2270,3027,4,16,179.0
2271,2697,4,16,159.0
2272,2062,3,16,99.0
2273,2330,3,16,138.0
2274,1404,3,16,78.62
2275,1155,2,16,63.0
2276,1137,2,16,56.85
2277,2075,4,13,124.0
2278,1465,3,13,87.9
2279,950,2,13,57.0
2280,2500,3,4,270.0
2281,2201,4,4,360.0
2282,2170,3,16,121.0
2283,3540,4,16,225.99999999999997
2284,3400,4,16,176.0
2285,1000,2,23,30.0
2286,800,2,31,22.0
2287,2190,3,16,190.0
2288,6000,4,41,869.9999999999999
2289,1550,3,36,130.0
2290,1690,3,35,130.0
2291,1500,3,33,101.0
2292,2200,3,0,51.0
2293,950,2,20,25.0
2294,950,2,40,20.45
2295,550,1,40,14.0
2296,2400,3,16,156.0
2297,1075,3,0,34.0
2298,1500,3,31,34.0
2299,550,1,31,16.99
2300,910,2,31,25.99
2301,1690,3,37,132.0
2302,1095,2,40,26.5
2303,460,2,0,12.99
2304,1245,2,37,81.75
2305,2335,4,37,157.0
2306,1245,2,37,81.75
2307,1245,2,37,81.75
2308,2335,4,37,157.0
2309,2335,4,37,157.0
2310,1645,3,37,106.0
2311,1645,3,37,106.0
2312,2715,5,37,187.0
2313,2715,5,37,187.0
2314,1895,3,37,123.0
2315,1895,3,37,123.0
2316,1215,2,37,81.1
2317,1215,2,37,81.1
2318,1620,3,37,110.00000000000001
2319,1620,3,37,110.00000000000001
2320,1385,2,37,93.7
2321,1385,2,37,93.7
2322,1400,2,37,91.0
2323,1400,2,37,91.0
2324,2720,4,37,176.0
2325,2720,4,37,176.0
2326,1400,2,37,91.0
2327,1400,2,37,91.0
2328,2720,4,37,176.0
2329,2720,4,37,176.0
2330,1880,3,37,122.0
2331,1880,3,37,122.0
2332,1470,3,35,85.26
2333,1470,3,35,85.26
2334,2575,4,37,167.0
2335,2575,4,37,167.0
2336,1470,3,35,85.26
2337,1380,2,37,89.7
2338,1470,3,35,85.26
2339,1380,2,37,89.7
2340,1075,2,35,62.35
2341,1075,2,35,62.35
2342,1730,3,37,112.00000000000001
2343,1730,3,37,112.00000000000001
2344,990,2,35,57.42
2345,990,2,35,57.42
2346,1765,3,35,102.0
2347,1765,3,35,102.0
2348,1150,2,35,66.7
2349,1150,2,35,66.7
2350,1615,3,35,93.67
2351,1615,3,35,93.67
2352,1085,2,35,62.93
2353,1085,2,35,62.93
2354,1695,3,35,98.31
2355,1695,3,35,98.31
2356,1310,2,35,75.98
2357,1310,2,35,75.98
2358,1400,3,35,81.2
2359,1400,3,35,81.2
2360,2890,4,37,187.0
2361,2890,4,37,187.0
2362,1495,3,37,97.17
2363,1495,3,37,97.17
2364,2040,3,41,275.0
2365,1380,2,41,186.0
2366,800,1,41,115.99999999999999
2367,595,1,41,86.27
2368,1220,2,41,164.0
2369,3000,3,41,495.0
2370,1320,2,41,178.0
2371,560,1,41,81.2
2372,2105,3,41,284.0
2373,1607,3,16,105.0
2374,3260,4,16,213.0
2375,3131,4,24,380.0
2376,1340,3,13,93.0
2377,2563,3,24,310.0
2378,5643,5,16,450.0
2379,950,2,35,52.0
2380,1550,3,36,130.0
2381,1100,3,16,35.0
2382,1100,3,16,35.0
2383,1230,3,16,37.5
2384,2190,3,16,186.0
2385,2000,3,16,180.0
2386,1404,3,16,105.0
2387,849,2,16,108.0
2388,1903,4,16,199.0
2389,1303,2,16,85.8
2390,3000,4,16,216.0
2391,3500,4,16,176.0
2392,2450,3,16,151.0
2393,3650,4,16,224.00000000000003
2394,3685,4,16,211.0
2395,1404,3,16,105.0
2396,1285,3,12,51.0
2397,1070,2,12,39.0
2398,1592,3,12,64.0
2399,1695,3,12,68.0
2400,1410,3,12,57.0
2401,1950,3,12,78.0
2402,1725,3,12,69.0
2403,783,3,16,105.0
2404,783,3,16,105.0
2405,783,3,16,105.0
2406,783,3,16,105.0
2407,981,3,16,128.0
2408,981,3,16,128.0
2409,648,2,16,93.16
2410,648,2,16,93.16
2411,950,2,26,28.0
2412,4150,4,41,684.0
2413,1650,2,41,222.00000000000003
2414,3840,4,41,595.0
2415,1776,2,41,239.0
2416,1475,2,41,199.0
2417,3770,4,41,584.0
2418,10485,4,41,3145.0
2419,645,1,41,93.52
2420,5410,3,41,1622.0
2421,4060,3,41,1217.0
2422,6550,4,41,1080.0
2423,4955,4,41,668.0
2424,1825,2,41,246.0
2425,2880,3,41,475.0
2426,4850,3,41,800.0
2427,3900,4,41,643.0
2428,7520,4,41,1240.0
2429,5400,4,41,729.0
2430,7490,4,41,2246.0
2431,9950,4,41,1641.0
2432,3120,3,41,514.0
2433,2380,4,35,170.0
2434,6000,5,0,625.0
2435,3500,4,12,310.0
2436,925,2,12,42.0
2437,1660,3,12,65.0
2438,1265,3,12,57.0
2439,1819,4,16,193.0
2440,1130,3,16,106.0
2441,1615,4,16,166.0
2442,1356,3,16,149.0
2443,1227,3,16,113.99999999999999
2444,1575,3,16,85.91
2445,1285,3,16,70.09
2446,1100,2,16,60.0
2447,1404,3,16,109.00000000000001
2448,1675,3,16,120.0
2449,925,2,9,24.99
2450,925,2,9,24.99
2451,1150,3,9,29.9
2452,925,2,9,24.99
2453,1200,3,9,32.0
2454,925,2,9,24.99
2455,925,2,9,24.99
2456,925,2,9,24.99
2457,925,2,9,24.99
2458,925,2,9,24.99
2459,1150,3,9,31.9
2460,1200,3,9,31.99
2461,1150,3,9,31.9
2462,1200,3,9,31.9
2463,1150,3,9,31.9
2464,925,2,9,24.99
2465,950,2,9,24.99
2466,925,2,9,24.99
2467,925,2,9,24.99
2468,925,2,9,24.99
2469,925,2,9,24.99
2470,925,2,9,24.99
2471,1150,3,9,31.9
2472,925,2,9,24.99
2473,925,2,9,24.99
2474,925,2,9,24.99
2475,925,2,9,24.99
2476,1615,3,16,120.0
2477,1096,2,12,67.0
2478,1096,2,12,67.0
2479,3200,4,17,215.0
2480,2350,3,17,160.0
2481,1850,3,17,127.0
2482,1245,2,37,81.75
2483,1245,2,37,81.75
2484,1245,2,37,81.75
2485,1245,2,37,81.75
2486,2335,4,37,157.0
2487,2335,4,37,157.0
2488,1645,3,37,106.0
2489,1645,3,37,106.0
2490,1470,3,35,85.26
2491,2715,5,37,187.0
2492,2715,5,37,187.0
2493,1075,2,35,62.35
2494,1895,3,37,123.0
2495,1895,3,37,123.0
2496,1470,3,35,85.26
2497,990,2,35,57.42
2498,1215,2,37,81.1
2499,1215,2,37,81.1
2500,1765,3,35,102.0
2501,1470,3,35,85.26
2502,1620,3,37,110.00000000000001
2503,1620,3,37,110.00000000000001
2504,1150,2,35,66.7
2505,1075,2,35,62.35
2506,1385,2,37,93.7
2507,1385,2,37,93.7
2508,1615,3,35,93.67
2509,990,2,35,57.42
2510,1085,2,35,62.93
2511,1765,3,35,102.0
2512,1150,2,35,66.7
2513,1695,3,35,98.31
2514,1310,2,35,75.98
2515,1615,3,35,93.67
2516,1085,2,35,62.93
2517,1695,3,35,98.31
2518,1310,2,35,75.98
2519,1400,3,35,81.2
2520,3200,4,36,256.0
2521,3200,4,36,256.0
2522,3200,4,36,256.0
2523,3200,4,36,256.0
2524,1900,3,36,106.0
2525,1900,3,36,106.0
2526,2925,4,36,234.0
2527,2925,4,36,234.0
2528,4900,5,36,392.0
2529,4900,5,36,392.0
2530,3700,5,36,296.0
2531,3700,5,36,296.0
2532,1650,3,36,92.4
2533,1650,3,36,92.4
2534,1290,2,36,72.24
2535,1290,2,36,72.24
2536,1690,3,36,94.64
2537,1690,3,36,94.64
2538,1250,2,36,70.0
2539,1250,2,36,70.0
2540,1825,3,36,102.0
2541,1825,3,36,102.0
2542,3250,4,36,260.0
2543,3250,4,36,260.0
2544,1480,3,36,82.88
2545,1480,3,36,82.88
2546,1550,3,36,86.8
2547,1550,3,36,86.8
2548,1150,2,36,64.4
2549,1150,2,36,64.4
2550,1350,2,36,75.6
2551,1350,2,36,75.6
2552,2070,3,36,114.99999999999999
2553,2070,3,36,114.99999999999999
2554,4075,5,36,326.0
2555,4075,5,36,326.0
2556,4150,4,0,300.0
2557,4500,8,0,360.0
2558,2488,3,0,35.0
2559,3754,5,24,475.0
2560,4720,4,37,330.0
2561,3200,4,16,176.0
2562,2300,3,16,126.0
2563,1750,3,16,96.25
2564,1100,2,24,125.0
2565,5080,5,34,173.0
2566,700,2,31,32.0
2567,4400,4,34,150.0
2568,1922,3,16,96.25
2569,1050,2,26,35.0
2570,570,1,26,18.0
2571,560,1,26,17.25
2572,550,1,26,14.9
2573,550,1,26,19.0
2574,550,1,26,17.0
2575,560,1,26,15.5
2576,560,1,26,17.75
2577,550,1,26,18.0
2578,960,2,26,32.0
2579,1385,3,0,60.0
2580,1100,2,16,66.0
2581,2700,4,16,214.0
2582,3027,4,16,239.0
2583,1325,3,7,60.0
2584,1325,3,7,62.0
2585,935,2,24,30.25
2586,940,2,24,29.9
2587,570,1,26,18.0
2588,970,2,27,35.0
2589,940,2,31,28.0
2590,950,2,27,35.0
2591,990,2,24,34.8
2592,950,2,26,30.0
2593,950,2,26,27.2
2594,555,1,26,15.5
2595,540,1,26,13.5
2596,510,1,26,12.75
2597,575,1,26,17.75
2598,560,1,26,20.0
2599,560,1,26,14.0
2600,950,2,26,34.0
2601,955,2,31,28.8
2602,960,2,26,32.0
2603,950,2,31,29.0
2604,950,2,26,27.5
2605,955,2,26,27.25
2606,920,2,26,27.5
2607,1000,2,26,28.5
2608,950,2,26,27.5
2609,1050,2,26,33.0
2610,980,2,26,35.0
2611,1050,2,26,33.5
2612,950,2,31,29.0
2613,1000,2,24,34.5
2614,1000,2,24,35.0
2615,551,1,26,15.75
2616,980,2,25,32.0
2617,940,2,26,32.8
2618,960,2,26,33.0
2619,955,2,31,28.5
2620,580,1,26,16.1
2621,950,2,26,27.0
2622,950,2,26,28.0
2623,940,2,26,28.0
2624,950,2,31,29.0
2625,940,2,24,30.0
2626,1045,2,24,35.0
2627,950,2,24,34.0
2628,950,2,26,27.5
2629,980,2,31,30.0
2630,960,2,31,28.75
2631,970,2,31,29.5
2632,950,2,31,28.0
2633,950,2,31,28.5
2634,940,2,24,31.0
2635,940,2,24,30.5
2636,970,2,31,29.0
2637,950,2,26,26.75
2638,960,2,26,26.5
2639,940,2,26,27.0
2640,980,2,6,31.0
2641,980,2,6,30.5
2642,980,2,6,30.0
2643,980,2,6,28.5
2644,1100,2,26,33.5
2645,580,1,26,17.5
2646,925,2,26,32.0
2647,960,2,31,28.5
2648,970,2,31,29.0
2649,960,2,31,29.25
2650,980,2,24,34.25
2651,1000,2,24,34.5
2652,950,2,6,29.5
2653,975,2,6,30.25
2654,980,2,6,30.5
2655,950,2,26,34.0
2656,1000,2,26,28.5
2657,1050,2,26,33.0
2658,945,2,26,27.1
2659,970,2,31,29.5
2660,950,2,26,26.9
2661,1000,2,24,35.0
2662,960,2,6,28.0
2663,950,2,24,28.0
2664,950,2,31,28.25
2665,950,2,31,28.0
2666,940,2,26,31.49
2667,950,2,26,33.0
2668,970,2,26,31.5
2669,950,2,26,27.75
2670,950,2,26,27.21
2671,950,2,27,32.0
2672,970,2,27,34.0
2673,950,2,24,28.5
2674,975,2,26,31.0
2675,990,2,24,33.5
2676,932,2,26,30.75
2677,940,2,26,30.5
2678,920,2,26,30.75
2679,930,2,26,31.0
2680,950,2,24,28.75
2681,1907,3,16,165.0
2682,1202,2,12,50.1
2683,1040,2,12,43.8
2684,1511,3,16,185.0
2685,890,2,16,117.0
2686,1322,3,16,158.0
2687,1794,3,16,202.99999999999997
2688,849,2,16,108.0
2689,2990,4,16,158.0
2690,2230,3,16,118.0
2691,1980,3,16,104.0
2692,934,3,16,79.99
2693,1151,3,16,95.82
2694,3198,4,16,257.0
2695,1969,2,16,146.0
2696,1305,2,16,97.0
2697,3165,3,16,240.0
2698,2440,3,16,186.0
2699,1947,3,16,150.0
2700,3964,4,16,305.0
2701,1037,1,16,78.0
2702,1266,2,16,97.0
2703,1265,2,16,97.0
2704,2062,3,16,146.0
2705,2062,3,16,146.0
2706,2330,3,16,164.0
2707,2330,3,16,164.0
2708,3280,4,16,182.0
2709,950,2,26,27.0
2710,3027,4,16,242.0
2711,2697,4,16,215.0
2712,2555,3,16,187.0
2713,2555,3,16,187.0
2714,2040,3,16,150.0
2715,2040,3,16,150.0
2716,3355,4,16,211.0
2717,3355,4,16,211.0
2718,1700,3,16,128.0
2719,1700,3,16,128.0
2720,2050,4,16,197.0
2721,2050,4,16,197.0
2722,1430,3,16,150.0
2723,1430,3,16,150.0
2724,1025,2,24,34.75
2725,925,2,24,32.0
2726,500,1,26,12.5
2727,580,1,31,18.0
2728,950,2,26,27.0
2729,950,2,26,32.0
2730,1150,3,31,38.0
2731,580,1,31,17.0
2732,500,1,26,12.5
2733,1050,2,26,33.5
2734,975,2,26,32.0
2735,510,1,26,13.0
2736,1050,2,26,35.0
2737,980,2,31,30.0
2738,970,2,26,31.0
2739,1608,3,10,369.0
2740,2126,4,10,508.0
2741,2122,4,10,480.99999999999994
2742,1608,3,10,369.0
2743,2126,4,10,508.0
2744,2122,4,10,480.99999999999994
2745,2105,4,10,504.0
2746,2100,4,10,478.0
2747,1630,3,10,372.0
2748,1404,3,16,102.0
2749,981,3,16,128.0
2750,648,2,16,93.16
2751,1907,3,16,146.0
2752,1907,3,16,146.0
2753,2062,3,16,163.0
2754,2062,3,16,163.0
2755,2330,3,16,164.0
2756,2330,3,16,164.0
2757,771,2,16,79.0
2758,801,2,16,84.04
2759,773,2,16,79.21
2760,1455,3,16,151.0
2761,977,2,16,96.96
2762,1903,4,16,199.0
2763,1202,3,16,118.0
2764,975,2,31,29.8
2765,950,2,31,29.1
2766,1025,2,31,28.95
2767,990,2,31,29.0
2768,970,2,31,29.25
2769,1792,3,16,91.46
2770,1675,3,16,107.0
2771,2268,3,16,146.0
2772,980,2,31,29.5
2773,955,2,26,27.0
2774,1470,3,35,85.26
2775,1075,2,35,62.35
2776,1470,3,35,85.26
2777,1075,2,35,62.35
2778,1470,3,35,85.26
2779,990,2,35,57.42
2780,1075,2,35,62.35
2781,990,2,35,57.42
2782,1765,3,35,102.0
2783,1765,3,35,102.0
2784,1150,2,35,66.7
2785,1150,2,35,66.7
2786,1615,3,35,93.67
2787,1615,3,35,93.67
2788,1085,2,35,62.93
2789,1085,2,35,62.93
2790,1695,3,35,98.31
2791,1695,3,35,98.31
2792,1310,2,35,75.98
2793,1310,2,35,75.98
2794,1400,3,35,81.2
2795,1400,3,35,81.2
2796,1753,4,24,405.0
2797,2080,5,24,508.0
2798,1848,4,24,438.99999999999994
2799,1750,3,16,108.0
2800,3220,4,16,225.99999999999997
2801,2190,3,16,142.0
2802,2460,3,16,174.0
2803,1625,3,7,72.0
2804,1625,3,7,80.0
2805,1880,3,37,122.0
2806,2725,4,37,183.0
2807,2725,4,37,185.0
2808,1380,2,37,81.0
2809,1730,3,37,125.0
2810,2725,4,37,180.0
2811,6000,5,37,548.0
2812,6000,5,37,550.0
2813,980,2,31,27.5
2814,2410,4,34,135.0
2815,2410,4,34,135.0
2816,4910,3,34,156.0
2817,1835,3,34,103.0
2818,2910,3,34,156.0
2819,1675,3,16,120.0
2820,1000,3,16,109.00000000000001
2821,820,2,16,90.09
2822,816,2,16,88.68
2823,1675,3,16,130.0
2824,1675,3,16,120.0
2825,1155,2,16,90.09
2826,925,2,9,23.99
2827,725,1,9,16.95
2828,940,2,24,31.0
2829,792,2,25,26.49
2830,1187,3,25,39.7
2831,1194,3,25,39.93
2832,1165,3,25,38.96
2833,832,2,25,27.83
2834,905,2,9,22.45
2835,925,2,9,21.95
2836,1200,3,9,29.95
2837,915,2,9,21.95
2838,1750,3,33,96.25
2839,1385,2,37,119.0
2840,2350,4,16,187.0
2841,1404,3,16,105.0
2842,1404,3,16,105.0
2843,2910,3,34,152.0
2844,1110,2,36,66.0
2845,1555,3,37,100.0
2846,1355,3,37,85.0
2847,1555,3,37,100.0
2848,725,1,36,39.0
2849,1675,3,16,94.7
2850,2700,4,16,215.0
2851,1137,2,16,58.0
2852,1055,2,24,108.0
2853,1645,3,34,90.0
2854,3312,3,5,275.0
2855,2548,3,28,256.0
2856,3300,4,16,229.99999999999997
2857,2558,3,28,265.0
2858,1405,3,4,85.0
2859,2350,3,16,180.0
2860,2558,3,28,265.0
2861,1405,3,4,85.0
2862,2350,3,16,180.0
2863,1650,3,24,190.0
2864,1585,3,36,110.00000000000001
2865,2558,3,28,265.0
2866,3198,4,16,285.0
2867,2548,3,28,265.0
2868,2548,3,28,265.0
2869,1675,3,16,112.99999999999999
2870,2560,3,28,265.0
2871,2555,3,28,265.0
2872,2560,3,28,265.0
2873,1010,2,36,56.0
2874,1110,2,36,60.0
2875,950,2,36,52.5
2876,1000,2,36,60.0
2877,2105,3,36,114.99999999999999
2878,1000,2,36,60.0
2879,1000,2,36,55.0
2880,1510,3,36,85.0
2881,1555,3,37,100.0
2882,1355,3,37,85.0
2883,1555,3,37,100.0
2884,725,1,36,39.0
2885,890,2,0,41.5
2886,1519,3,16,164.0
2887,2251,4,16,227.0
2888,3650,4,16,224.00000000000003
2889,2750,3,16,169.0
2890,2450,3,16,150.0
2891,2850,3,16,175.0
2892,3075,4,34,152.0
2893,1230,2,33,105.0
2894,2500,3,36,300.0
2895,2765,4,1,225.0
2896,4200,3,24,900.0
2897,1070,2,12,47.0
2898,1475,3,15,106.0
2899,1465,2,16,99.47
2900,1220,2,16,67.2
2901,1050,2,16,57.75
2902,1260,2,16,69.3
2903,1475,3,16,81.13
2904,1665,2,16,91.58
2905,1425,2,16,96.76
2906,2385,3,16,162.0
2907,1465,2,16,99.47
2908,1945,3,16,132.0
2909,1859,3,16,94.7
2910,1335,2,16,74.7
2911,1850,3,16,104.0
2912,2250,3,16,126.0
2913,1202,3,16,119.0
2914,1475,3,15,106.0
2915,1085,2,7,55.0
2916,1495,3,33,86.0
2917,1775,3,17,180.0
2918,1775,3,17,180.0
2919,1350,2,17,125.0
2920,1350,2,17,125.0
2921,1775,3,17,180.0
2922,1775,3,17,180.0
2923,1350,2,17,125.0
2924,1350,2,17,125.0
2925,1519,3,16,164.0
2926,1519,3,16,164.0
2927,2251,4,16,227.0
2928,2251,4,16,227.0
2929,1519,3,16,164.0
2930,1519,3,16,164.0
2931,2251,4,16,227.0
2932,2251,4,16,227.0
2933,1750,3,16,108.0
2934,1750,3,16,108.0
2935,1750,3,16,108.0
2936,3220,4,16,225.99999999999997
2937,1750,3,16,108.0
2938,2190,3,16,142.0
2939,3220,4,16,225.99999999999997
2940,2460,3,16,174.0
2941,2190,3,16,142.0
2942,2460,3,16,174.0
2943,3200,4,17,215.0
2944,3200,4,17,215.0
2945,3200,4,17,215.0
2946,3200,4,17,215.0
2947,2350,3,17,160.0
2948,2350,3,17,160.0
2949,1850,3,17,127.0
2950,1850,3,17,127.0
2951,3198,4,16,300.0
2952,1305,2,16,114.99999999999999
2953,3198,4,16,300.0
2954,1305,2,16,114.99999999999999
2955,3198,4,16,300.0
2956,1305,2,16,114.99999999999999
2957,2440,3,16,275.0
2958,2440,3,16,275.0
2959,3165,3,16,229.99999999999997
2960,3165,3,16,229.99999999999997
2961,1947,3,16,185.0
2962,1947,3,16,185.0
2963,3963,4,16,350.0
2964,3963,4,16,350.0
2965,1558,2,16,137.0
2966,1558,2,16,137.0
2967,1628,2,16,125.0
2968,1628,2,16,125.0
2969,2890,4,37,187.0
2970,1495,3,37,97.17
2971,3200,4,16,247.00000000000003
2972,2000,3,16,157.0
2973,2300,3,16,179.0
2974,1625,3,16,129.0
2975,3200,4,16,176.0
2976,3200,4,16,176.0
2977,2300,3,16,126.0
2978,2300,3,16,126.0
2979,1750,3,16,96.25
2980,1750,3,16,96.25
2981,1404,3,16,73.09
2982,1155,2,16,60.69
2983,1137,2,16,59.82
2984,2950,3,10,290.0
2985,1544,3,24,185.0
2986,1750,3,16,108.0
2987,3220,4,16,225.99999999999997
2988,2190,3,16,142.0
2989,2460,3,16,174.0
2990,925,2,9,24.99
2991,925,2,9,24.99
2992,925,2,9,24.99
2993,1200,3,9,32.0
2994,1200,3,9,32.0
2995,1200,3,9,31.99
2996,1200,3,31,32.0
2997,1200,3,31,32.0
2998,950,2,31,25.0
2999,950,2,31,25.0
3000,950,2,31,25.0
3001,950,2,31,25.0
3002,750,1,31,18.0
3003,750,1,31,18.0
3004,1215,3,0,38.82
3005,799,2,0,25.52
3006,2990,4,16,164.0
3007,1248,3,24,334.0
3008,1248,3,24,334.0
3009,1345,3,24,371.0
3010,1345,3,24,371.0
3011,1249,3,24,335.0
3012,1753,4,24,405.0
3013,1248,3,24,334.0
3014,2080,5,24,508.0
3015,1345,3,24,371.0
3016,1249,3,24,335.0
3017,1753,4,24,405.0
3018,2080,5,24,508.0
3019,1848,4,24,438.99999999999994
3020,1608,3,10,329.0
3021,1608,3,10,329.0
3022,2126,4,10,454.0
3023,2122,4,10,430.99999999999994
3024,2105,4,10,450.0
3025,2100,4,10,428.0
3026,1630,3,10,334.0
3027,4874,4,5,413.99999999999994
3028,3302,3,5,280.0
3029,4874,4,5,413.99999999999994
3030,3302,3,5,280.0
3031,3312,3,5,281.0
3032,3996,4,5,339.0
3033,3525,4,36,423.00000000000006
3034,3525,4,36,423.00000000000006
3035,3525,4,36,423.00000000000006
3036,3525,4,36,423.00000000000006
3037,3070,3,36,368.0
3038,3070,3,36,368.0
3039,3020,3,36,362.0
3040,3020,3,36,362.0
3041,3475,3,36,417.0
3042,3475,3,36,417.0
3043,2500,3,36,300.0
3044,2500,3,36,300.0
3045,3775,5,36,453.0
3046,3775,5,36,453.0
3047,3370,4,36,404.0
3048,3370,4,36,404.0
3049,3430,4,36,411.00000000000006
3050,3430,4,36,411.00000000000006
3051,4425,4,36,531.0
3052,4425,4,36,531.0
3053,900,2,31,25.49
3054,2050,4,16,197.0
3055,2050,4,16,197.0
3056,1430,3,16,150.0
3057,1430,3,16,150.0
3058,1270,3,37,79.0
3059,1560,3,12,85.0
3060,2720,4,37,180.0
3061,1730,3,37,110.00000000000001
3062,1880,3,37,126.0
3063,1380,2,37,82.0
3064,1400,2,37,85.0
3065,1690,3,37,105.0
3066,2575,4,37,165.0
3067,1675,3,16,82.91
3068,1615,3,16,79.94
3069,1400,3,16,69.3
3070,4150,4,41,560.0
3071,1650,2,41,222.00000000000003
3072,3840,4,41,518.0
3073,2040,3,41,275.0
3074,1776,2,41,239.0
3075,1380,2,41,186.0
3076,800,1,41,108.0
3077,595,1,41,80.32
3078,1475,2,41,199.0
3079,1220,2,41,164.0
3080,3770,4,41,508.0
3081,10485,4,41,1415.0
3082,645,1,41,87.07
3083,5410,3,41,730.0
3084,4060,3,41,548.0
3085,3000,3,41,405.0
3086,1320,2,41,178.0
3087,6550,4,41,884.0
3088,4955,4,41,668.0
3089,1825,2,41,246.0
3090,2880,3,41,388.0
3091,4850,3,41,654.0
3092,560,1,41,75.6
3093,3900,4,41,526.0
3094,2105,3,41,284.0
3095,7520,4,41,1015.0
3096,5400,4,41,729.0
3097,7490,4,41,1011.0
3098,9950,4,41,1343.0
3099,3120,3,41,421.0
3100,1355,3,37,79.9
3101,771,2,16,79.0
3102,801,2,16,84.04
3103,773,2,16,79.21
3104,1455,3,16,151.0
3105,977,2,16,96.96
3106,1903,4,16,199.0
3107,1202,3,16,118.0
3108,1181,3,17,112.99999999999999
3109,1185,3,17,112.99999999999999
3110,815,2,17,83.48
3111,3200,4,17,215.0
3112,2350,3,17,160.0
3113,1850,3,17,127.0
3114,1100,2,20,30.0
3115,1907,3,16,146.0
3116,1907,3,16,146.0
3117,1907,3,16,146.0
3118,1907,3,16,146.0
3119,2700,4,16,214.0
3120,2700,4,16,214.0
3121,3027,4,16,239.0
3122,3027,4,16,239.0
3123,2062,3,16,163.0
3124,2062,3,16,163.0
3125,2330,3,16,164.0
3126,2330,3,16,164.0
3127,1200,3,9,31.99
3128,3998,4,10,425.0
3129,1750,3,16,108.0
3130,3220,4,16,225.99999999999997
3131,2190,3,16,142.0
3132,2460,3,16,174.0
3133,1404,3,16,76.55
3134,1137,2,16,62.0
3135,1404,3,16,76.55
3136,1137,2,16,62.0
3137,1155,2,16,63.0
3138,3200,4,16,176.0
3139,2000,3,16,110.00000000000001
3140,2300,3,16,126.0
3141,1625,3,16,89.37
3142,1010,2,0,37.5
3143,950,2,32,52.0
3144,1404,3,16,78.62
3145,1000,2,36,54.0
3146,495,1,12,25.0
3147,1234,2,13,49.0
3148,1202,2,12,55.0
3149,1202,2,12,54.0
3150,1685,3,12,80.0
3151,1685,3,12,80.0
3152,1758,3,12,85.0
3153,1131,2,12,52.0
3154,968,2,12,45.0
3155,968,2,12,45.0
3156,1968,4,12,95.0
3157,1131,2,12,50.0
3158,1202,2,12,53.0
3159,1968,4,12,95.0
3160,1236,3,13,48.0
3161,1040,2,13,41.0
3162,1202,2,12,54.0
3163,1234,2,13,49.0
3164,1236,3,13,48.0
3165,1236,3,13,48.0
3166,990,2,12,45.0
3167,1234,2,13,49.0
3168,990,2,12,45.0
3169,950,2,11,34.0
3170,3195,3,5,218.00000000000003
3171,1355,2,10,56.0
3172,1820,2,10,95.0
3173,2181,3,40,105.0
3174,2350,3,40,125.0
3175,1655,3,40,92.0
3176,1920,3,40,130.0
3177,2600,4,40,140.0
3178,565,1,24,16.75
3179,570,1,24,17.0
3180,585,1,26,16.9
3181,1380,2,41,152.0
3182,2626,3,10,162.0
3183,1110,2,39,62.0
3184,1250,3,38,68.0
3185,950,2,38,55.0
3186,2350,3,40,125.0
3187,1150,3,9,29.99
3188,1150,3,9,29.95
3189,950,2,9,24.95
3190,925,2,9,23.99
3191,1150,3,9,29.95
3192,2050,4,16,174.0
3193,1430,3,16,124.0
3194,2440,3,16,240.0
3195,1248,3,24,334.0
3196,1345,3,24,371.0
3197,1249,3,24,335.0
3198,2330,3,16,215.0
3199,2330,3,16,212.0
3200,2698,4,16,250.99999999999997
3201,2698,4,16,247.00000000000003
3202,2698,4,16,249.00000000000003
3203,2330,3,16,217.0
3204,3027,4,16,277.0
3205,3027,4,16,275.0
3206,3198,4,16,295.0
3207,1305,2,16,114.99999999999999
3208,2440,3,16,275.0
3209,3165,3,16,229.99999999999997
3210,1947,3,16,220.00000000000003
3211,3963,4,16,350.0
3212,1558,2,16,137.0
3213,1628,2,16,125.0
3214,1405,3,4,90.0
3215,1790,3,40,82.0
3216,804,2,17,82.35
3217,771,2,16,79.0
3218,801,2,16,84.04
3219,773,2,16,79.21
3220,1455,3,16,151.0
3221,977,2,16,96.96
3222,1903,4,16,199.0
3223,1202,3,16,118.0
3224,3200,4,16,176.0
3225,2300,3,16,126.0
3226,1750,3,16,96.25
3227,2990,4,16,158.0
3228,2230,3,16,118.0
3229,1980,3,16,104.0
3230,804,2,17,82.35
3231,1181,3,17,112.99999999999999
3232,1185,3,17,112.99999999999999
3233,815,2,17,83.48
3234,1575,3,16,95.82
3235,1285,3,16,79.01
3236,1404,3,16,78.62
3237,1100,2,16,67.19
3238,1155,2,16,63.0
3239,1137,2,16,56.85
3240,1300,3,14,61.75
3241,1900,3,14,90.25
3242,1425,3,14,67.68
3243,1700,3,14,80.75
3244,1600,3,14,76.0
3245,4150,3,0,401.0
3246,3710,4,10,260.0
3247,5000,5,37,325.0
3248,2062,3,16,187.0
3249,2062,3,16,185.0
3250,2062,3,16,183.0
3251,1907,3,16,171.0
3252,1907,3,16,169.0
3253,1907,3,16,170.0
3254,1600,3,39,98.0
3255,1655,3,40,92.0
3256,5000,5,16,450.0
3257,5000,5,16,450.0
3258,5000,5,16,450.0
3259,5000,5,16,450.0
3260,3027,4,16,242.0
3261,3027,4,16,242.0
3262,2697,4,16,215.0
3263,2697,4,16,215.0
3264,2062,3,16,146.0
3265,2062,3,16,146.0
3266,2330,3,16,164.0
3267,2330,3,16,164.0
3268,1907,3,16,146.0
3269,1907,3,16,146.0
3270,2700,4,16,214.0
3271,2700,4,16,214.0
3272,3027,4,16,239.0
3273,3027,4,16,239.0
3274,2062,3,16,163.0
3275,2062,3,16,163.0
3276,2330,3,16,164.0
3277,2330,3,16,164.0
3278,934,3,16,79.99
3279,1151,3,16,95.82
3280,1465,2,16,99.47
3281,1945,3,16,132.0
3282,5000,5,16,450.0
3283,1425,2,16,96.75
3284,1760,3,16,119.0
3285,2230,3,16,156.0
3286,1730,3,4,110.00000000000001
3287,2565,3,28,264.0
3288,1045,2,12,60.0
3289,1450,2,10,77.0
3290,2250,4,36,190.0
3291,2720,4,37,190.0
3292,2031,3,10,271.0
3293,2007,3,10,268.0
3294,2763,4,10,368.0
3295,3501,4,4,332.0
3296,4482,4,4,425.0
3297,6570,5,4,624.0
3298,1675,3,16,94.7
3299,1615,3,16,91.46
3300,1750,3,16,108.0
3301,3220,4,16,225.99999999999997
3302,2190,3,16,142.0
3303,2460,3,16,174.0
3304,950,2,0,30.4
3305,1150,2,0,30.4
3306,1285,3,16,82.0
3307,1155,2,16,86.0
3308,1137,2,16,85.27
3309,1155,2,16,86.0
3310,1137,2,16,85.27
3311,2100,3,36,114.99999999999999
3312,3998,3,10,425.0
3313,2950,3,40,200.0
3314,4142,3,40,300.0
3315,1510,3,36,82.0
3316,2650,4,4,165.0
3317,1245,2,37,87.0
3318,2275,3,0,127.0
3319,934,3,16,79.99
3320,1151,3,16,95.82
3321,1511,3,16,185.0
3322,890,2,16,117.0
3323,1322,3,16,158.0
3324,1794,3,16,202.99999999999997
3325,849,2,16,108.0
3326,592,1,0,18.0
3327,6300,5,33,693.0
3328,5300,5,33,583.0
3329,783,3,16,90.0
3330,981,3,16,113.99999999999999
3331,648,2,16,76.0
3332,1775,3,7,85.0
3333,3200,4,16,247.00000000000003
3334,3200,4,16,247.00000000000003
3335,2000,3,16,157.0
3336,2000,3,16,157.0
3337,2300,3,16,179.0
3338,2300,3,16,179.0
3339,1625,3,16,129.0
3340,1625,3,16,129.0
3341,2050,4,16,197.0
3342,2050,4,16,197.0
3343,1430,3,16,150.0
3344,1430,3,16,150.0
3345,1750,3,16,108.0
3346,3220,4,16,225.99999999999997
3347,1750,3,16,108.0
3348,2190,3,16,142.0
3349,3220,4,16,225.99999999999997
3350,2460,3,16,174.0
3351,2190,3,16,142.0
3352,2460,3,16,174.0
3353,1675,3,16,106.0
3354,1675,3,16,106.0
3355,783,3,16,105.0
3356,783,3,16,105.0
3357,783,3,16,105.0
3358,981,3,16,128.0
3359,981,3,16,128.0
3360,648,2,16,93.16
3361,648,2,16,93.16
3362,771,2,16,79.0
3363,771,2,16,79.0
3364,801,2,16,84.04
3365,801,2,16,84.04
3366,773,2,16,79.21
3367,773,2,16,79.21
3368,1455,3,16,151.0
3369,1455,3,16,151.0
3370,977,2,16,96.96
3371,977,2,16,96.96
3372,1903,4,16,199.0
3373,1903,4,16,199.0
3374,1202,3,16,118.0
3375,1202,3,16,118.0
3376,1465,2,16,103.0
3377,1465,2,16,103.0
3378,1425,2,16,101.0
3379,1465,2,16,103.0
3380,1945,3,16,137.0
3381,1425,2,16,101.0
3382,2385,3,16,169.0
3383,1945,3,16,137.0
3384,1760,3,16,124.0
3385,2385,3,16,169.0
3386,1760,3,16,124.0
3387,1404,3,16,105.0
3388,1404,3,16,105.0
3389,1779,3,1,130.0
3390,1730,3,4,114.99999999999999
3391,2345,3,1,204.99999999999997
3392,1040,2,0,41.5
3393,1165,2,16,75.0
3394,1100,2,16,67.19
3395,1900,3,14,103.0
3396,1900,3,14,103.0
3397,1425,3,14,77.66
3398,1425,3,14,77.66
3399,1700,3,14,92.65
3400,1700,3,14,92.65
3401,1600,3,14,87.2
3402,1600,3,14,87.2
3403,1300,3,14,70.85
3404,1300,3,14,70.85
3405,688,2,15,75.4
3406,1285,3,16,94.5
3407,2350,2,0,130.0
3408,2350,2,0,130.0
3409,3780,4,10,325.0
3410,1675,3,16,94.7
3411,1675,3,16,94.7
3412,1675,3,16,94.7
3413,1675,3,16,94.7
3414,1615,3,16,91.46
3415,1615,3,16,91.46
3416,6800,5,4,690.0
3417,720,2,0,33.69
3418,900,2,0,42.0
3419,540,1,0,25.2
3420,1750,3,16,108.0
3421,3220,4,16,225.99999999999997
3422,2190,3,16,142.0
3423,2460,3,16,174.0
3424,1040,2,0,44.1
3425,1440,2,0,45.0
3426,1154,2,8,40.0
3427,1404,3,16,91.96
3428,1155,2,16,75.65
3429,1137,2,16,74.47
3430,925,2,9,24.99
3431,950,2,9,24.95
3432,1150,3,9,29.95
3433,950,2,9,24.95
3434,1150,3,9,29.95
3435,950,2,9,24.95
3436,925,2,9,23.95
3437,1150,3,9,29.95
3438,925,2,9,23.95
3439,1150,3,9,29.95
3440,925,2,9,23.95
3441,1200,3,9,29.9
3442,3000,3,10,291.0
3443,4700,4,15,420.0
3444,5000,5,16,345.0
3445,3000,3,10,254.99999999999997
3446,2460,3,16,170.0
3447,2230,3,16,111.00000000000001
3448,2230,3,16,109.00000000000001
3449,2990,4,16,150.0
3450,1404,3,16,79.5
3451,1980,3,16,100.0
3452,2555,3,16,128.0
3453,2040,3,16,118.0
3454,2230,3,16,107.0
3455,1137,2,16,61.0
3456,3355,4,16,168.0
3457,3200,4,16,171.0
3458,2000,3,16,107.0
3459,2300,3,16,123.0
3460,1245,2,37,72.75
3461,2440,3,16,181.0
3462,2190,3,16,148.0
3463,1625,3,16,86.93
3464,1750,3,16,89.23
3465,2190,3,16,111.00000000000001
3466,1395,3,16,71.13
3467,3300,4,33,363.0
3468,3030,4,33,333.0
3469,3300,4,33,363.0
3470,2510,3,33,276.0
3471,3030,4,33,333.0
3472,2510,3,33,276.0
3473,4874,4,5,413.99999999999994
3474,3302,3,5,280.0
3475,3312,3,5,281.0
3476,3996,4,5,339.0
3477,3195,3,5,229.99999999999997
3478,4850,4,5,341.0
3479,1775,3,17,123.0
3480,1350,2,17,89.5
3481,4000,4,5,300.0
3482,1753,4,24,405.99999999999994
3483,1753,4,24,405.99999999999994
3484,1345,3,24,372.0
3485,1265,2,16,101.0
3486,1246,2,7,62.0
3487,4644,4,4,278.0
3488,1295,2,24,125.0
3489,3940,4,5,290.0
3490,3940,4,5,300.0
3491,804,2,17,82.35
3492,1181,3,17,112.99999999999999
3493,1185,3,17,112.99999999999999
3494,815,2,17,83.48
3495,2440,3,16,275.0
3496,2440,3,16,275.0
3497,2440,3,16,275.0
3498,2440,3,16,275.0
3499,2251,4,16,227.0
3500,525,2,0,15.78
3501,434,1,0,12.68
3502,1025,2,15,73.0
3503,1404,3,16,76.55
3504,1155,2,16,63.0
3505,1137,2,16,62.0
3506,1160,2,15,83.0
3507,1200,2,0,28.99
3508,1409,3,36,65.0
3509,1340,3,13,70.0
3510,2088,3,24,239.0
3511,2350,4,40,140.0
3512,950,2,11,39.0
3513,1670,3,11,70.0
3514,950,2,11,35.0
3515,4070,5,36,280.0
3516,3284,4,28,328.0
3517,1575,3,28,120.0
3518,1295,3,0,82.0
3519,1350,3,0,32.5
3520,2650,4,4,200.0
3521,2500,4,11,110.00000000000001
3522,990,3,0,46.03
3523,460,1,0,21.39
3524,766,2,0,35.61
3525,6300,5,33,724.0
3526,3300,4,33,379.0
3527,3030,4,33,348.0
3528,2510,3,33,288.0
3529,5300,5,33,609.0
3530,951,3,0,44.22
3531,950,2,11,45.0
3532,1450,2,0,125.0
3533,2450,3,28,140.0
3534,995,2,0,46.0
3535,1090,1,9,68.99
3536,2715,5,37,215.0
3537,5000,5,37,325.0
3538,3631,4,4,591.0
3539,1865,3,4,262.0
3540,1404,3,16,91.96
3541,1155,2,16,75.65
3542,1137,2,16,74.47
3543,783,3,16,90.0
3544,981,3,16,113.99999999999999
3545,648,2,16,76.0
3546,3400,4,0,260.0
3547,1600,3,0,210.0
3548,1340,3,13,70.0
3549,650,1,25,15.0
3550,10000,10,0,1300.0
3551,1585,3,0,151.0
3552,3400,4,0,250.0
3553,4425,4,36,325.0
3554,1082,2,32,55.0
3555,1050,2,27,35.0
3556,1246,2,7,62.0
3557,950,2,27,33.0
3558,1385,3,35,86.0
3559,1050,2,27,38.0
3560,2200,4,23,310.0
3561,1400,3,27,50.0
3562,1090,2,34,58.0
3563,1000,2,27,35.0
3564,3223,4,0,615.0
3565,900,2,27,30.0
3566,950,2,27,33.0
3567,850,2,27,28.0
3568,1050,2,27,45.0
3569,1450,2,27,45.0
3570,3184,4,28,340.0
3571,615,1,33,45.0
3572,1505,3,32,85.0
3573,10000,10,0,525.0
3574,5800,4,4,372.0
3575,4900,8,0,1400.0
3576,6000,6,25,450.0
3577,3200,2,26,240.0
3578,2400,5,0,170.0
3579,1150,2,32,60.0
3580,1424,3,26,85.0
3581,1495,3,33,105.0
3582,2050,3,33,140.0
3583,1820,3,33,112.00000000000001
3584,1765,3,33,110.00000000000001
3585,990,2,33,58.0
3586,1495,3,33,110.00000000000001
3587,1495,3,33,110.00000000000001
3588,1295,2,33,85.0
3589,1732,3,33,120.0
3590,1500,3,33,100.0
3591,1495,3,33,90.0
3592,930,2,32,50.0
3593,2500,3,36,240.0
3594,2575,4,37,215.0
3595,2890,4,37,235.0
3596,3430,4,36,330.0
3597,1880,3,37,156.0
3598,1535,3,34,85.0
3599,2250,3,28,260.0
3600,10000,10,0,565.0
3601,2500,6,0,250.0
3602,2080,3,0,200.0
3603,950,2,0,40.0
3604,7352,5,41,795.0
3605,1285,3,16,100.0
3606,3998,4,10,425.0
3607,4874,4,5,413.99999999999994
3608,3302,3,5,280.0
3609,3312,3,5,281.0
3610,3996,4,5,339.0
3611,1085,2,7,55.0
3612,2100,4,27,75.0
3613,4843,6,0,600.0
3614,3998,4,10,425.0
3615,1370,2,35,95.0
3616,1545,3,34,70.0
3617,1180,2,34,60.0
3618,1315,3,34,72.0
3619,1035,2,34,55.0
3620,1015,2,34,52.0
3621,875,2,34,44.0
3622,1320,3,36,88.0
3623,1472,3,34,95.0
3624,1147,2,34,68.0
3625,1110,2,34,65.0
3626,1625,3,35,120.0
3627,1075,2,36,58.0
3628,600,1,25,22.0
3629,1250,3,38,76.0
3630,10500,7,0,950.0
3631,750,2,25,25.0
3632,1625,3,32,90.0
3633,2175,3,33,180.0
3634,1620,3,37,132.0
3635,4720,4,37,400.0
3636,1730,3,37,155.0
3637,1085,2,32,52.0
3638,3070,3,36,310.0
3639,3430,4,36,350.0
3640,2500,3,36,265.0
3641,2050,3,33,140.0
3642,2715,5,37,220.00000000000003
3643,1370,2,33,105.0
3644,1310,2,33,85.0
3645,1495,3,33,105.0
3646,1945,3,32,155.0
3647,1380,2,37,94.0
3648,4100,5,36,380.0
3649,1495,3,33,108.0
3650,1385,3,35,90.0
3651,2250,4,36,200.0
3652,1525,3,33,118.0
3653,1260,2,33,95.0
3654,1455,3,33,95.0
3655,1600,3,33,108.0
3656,1765,3,33,114.99999999999999
3657,1835,3,34,105.0
3658,2385,3,16,175.0
3659,2750,4,28,280.0
3660,1455,3,33,92.0
3661,1500,3,33,100.0
3662,2250,4,33,180.0
3663,940,2,33,60.0
3664,1760,3,33,114.99999999999999
3665,2050,3,33,150.0
3666,1550,3,33,125.0
3667,1380,2,37,110.00000000000001
3668,1730,3,37,150.0
3669,1245,2,37,90.0
3670,1850,3,37,150.0
3671,4425,4,36,430.0
3672,3070,3,36,300.0
3673,4500,4,0,425.0
3674,500,1,12,23.0
3675,1500,3,27,50.0
3676,1500,3,27,50.0
3677,950,2,25,30.5
3678,4600,4,2,600.0
3679,1739,3,7,100.0
3680,600,1,25,20.0
3681,650,1,38,19.0
3682,650,1,5,18.0
3683,2500,5,27,80.0
3684,1100,2,20,28.0
3685,1000,2,0,40.0
3686,900,2,20,27.0
3687,1000,2,20,28.0
3688,1100,2,0,25.0
3689,750,1,31,21.0
3690,590,1,14,33.0
3691,1050,2,6,30.0
3692,3200,8,0,240.0
3693,7200,9,0,650.0
3694,750,1,6,18.0
3695,500,1,25,15.0
3696,2764,4,1,200.0
3697,2090,3,6,120.0
3698,2764,4,1,225.0
3699,2101,3,16,34.54
3700,2101,3,16,38.49
3701,2101,3,16,39.88
3702,2101,3,16,45.64
3703,1200,2,0,40.0
3704,1210,3,0,55.0
3705,1200,2,0,49.0
3706,1200,3,16,50.01
3707,1208,3,16,50.01
3708,1500,3,16,33.8
3709,1240,3,16,50.05
3710,1260,3,16,51.0
3711,2764,4,1,180.0
3712,3284,4,28,350.0
3713,700,1,6,18.0
3714,1000,2,3,31.0
3715,1010,2,0,33.0
3716,700,1,3,18.0
3717,700,1,28,20.0
3718,6500,7,23,450.0
3719,3000,2,26,315.0
3720,1050,2,0,32.0
3721,3115,4,2,350.0
3722,650,1,23,18.25
3723,4455,4,9,440.00000000000006
3724,4000,5,23,299.0
3725,950,2,0,28.98
3726,1211,3,16,49.0
3727,1246,2,7,65.0
3728,1695,3,13,150.0
3729,1595,3,12,105.0
3730,1864,3,26,140.0
3731,1500,4,0,165.0
3732,1800,4,0,170.0
3733,1500,3,0,40.0
3734,950,2,38,56.0
3735,2389,3,28,186.0
3736,4000,6,18,710.0
3737,950,2,38,57.0
3738,2500,3,18,585.0
3739,11000,9,0,1050.0
3740,1100,2,0,29.0
3741,1100,2,3,29.5
3742,1000,2,3,29.0
3743,3756,5,24,469.00000000000006
3744,700,1,3,19.5
3745,700,1,6,18.5
3746,1100,2,22,28.0
3747,1500,3,20,40.0
3748,600,1,22,17.0
3749,700,1,0,17.5
3750,1250,2,36,90.0
3751,650,1,20,17.0
3752,2500,3,36,210.0
3753,1000,2,0,25.0
3754,1800,4,20,50.0
3755,900,2,9,28.0
3756,700,1,6,17.0
3757,1500,3,23,45.0
3758,650,1,25,21.0
3759,2800,6,27,90.0
3760,2000,4,27,70.0
3761,2600,5,27,80.0
3762,472,1,8,24.0
3763,1080,2,32,55.0
3764,1505,3,32,82.0
3765,1800,3,32,130.0
3766,700,1,6,18.0
3767,1000,2,38,31.5
3768,950,2,38,58.0
3769,1495,3,33,114.99999999999999
3770,700,1,3,18.0
3771,1050,2,4,30.0
3772,700,1,4,18.0
3773,2100,4,27,69.5
3774,2435,4,1,202.0
3775,1650,3,34,114.99999999999999
3776,4200,7,0,475.0
3777,1525,3,33,115.99999999999999
3778,950,2,38,28.5
3779,2000,3,18,750.0
3780,2250,6,0,425.0
3781,2100,3,18,285.0
3782,2650,6,0,450.0
3783,4000,8,23,550.0
3784,950,2,0,29.99
3785,2105,3,41,192.0
3786,2111,3,6,120.0
3787,1501,4,16,65.0
3788,1211,3,16,49.0
3789,1207,3,16,49.0
3790,1200,2,16,49.0
3791,1100,3,16,35.0
3792,1100,3,16,36.0
3793,1150,3,16,37.0
3794,1100,3,16,36.0
3795,1250,3,16,38.0
3796,1501,4,16,65.0
3797,1500,4,16,65.0
3798,1200,3,16,55.0
3799,1500,4,0,65.0
3800,1512,4,0,65.0
3801,1505,4,16,65.0
3802,1500,3,16,45.0
3803,1236,3,16,53.0
3804,1234,3,16,45.0
3805,1280,3,16,39.0
3806,1280,3,16,49.08
3807,1900,3,16,45.01
3808,1900,3,16,45.01
3809,1900,3,16,45.01
3810,2100,3,16,41.22
3811,1525,3,33,114.99999999999999
3812,1350,3,33,52.0
3813,2101,3,16,38.44
3814,1200,3,0,45.67
3815,1210,3,16,40.0
3816,1500,4,16,65.0
3817,1201,3,16,40.0
3818,2101,3,16,38.62
3819,1200,3,16,45.0
3820,1237,3,16,55.0
3821,1513,4,16,65.0
3822,1221,3,16,45.0
3823,1289,3,16,55.11
3824,1250,3,16,33.8
3825,1220,3,16,55.0
3826,1100,3,16,35.0
3827,1100,3,16,40.0
3828,1100,3,16,34.0
3829,1100,3,16,37.0
3830,1201,3,16,40.07
3831,1201,3,16,40.0
3832,1900,3,16,45.33
3833,1900,3,16,44.66
3834,1900,3,16,46.08
3835,1900,3,16,46.0
3836,1500,3,16,45.0
3837,2101,3,16,35.55
3838,2101,3,16,34.55
3839,2101,3,16,34.55
3840,2101,3,16,34.54
3841,2100,3,16,34.54
3842,2101,3,16,38.47
3843,1550,3,36,125.0
3844,1445,3,34,90.0
3845,2950,4,4,250.0
3846,2700,5,27,85.0
3847,1100,2,33,75.0
3848,2250,3,33,114.99999999999999
3849,4874,4,5,400.0
3850,600,1,0,16.0
3851,1400,3,0,35.0
3852,980,2,27,34.0
3853,1400,3,27,48.0
3854,1000,2,6,30.0
3855,950,2,27,30.0
3856,1000,2,27,35.0
3857,1779,3,1,145.0
3858,2012,3,1,135.0
3859,1528,3,6,95.0
3860,1418,2,1,110.00000000000001
3861,1528,3,6,72.0
3862,2794,4,6,170.0
3863,2640,3,10,250.0
3864,1400,3,27,45.0
3865,1528,3,6,90.0
3866,2538,3,6,140.0
3867,3200,4,16,245.00000000000003
3868,2105,3,41,214.0
3869,1700,3,16,110.00000000000001
3870,1675,3,16,140.0
3871,1583,2,16,118.0
3872,2497,3,16,185.0
3873,2450,3,5,247.00000000000003
3874,3000,7,0,395.0
3875,1160,2,12,62.17
3876,494,1,12,27.5
3877,494,1,12,28.0
3878,2538,4,6,145.0
3879,2111,3,6,140.0
3880,1100,2,25,33.5
3881,1050,2,25,32.0
3882,1450,3,25,44.5
3883,1065,2,25,33.0
3884,1450,3,27,43.0
3885,1450,3,25,44.0
3886,1000,2,27,36.0
3887,950,2,27,32.0
3888,600,1,27,18.0
3889,1500,3,27,45.0
3890,1115,2,12,68.0
3891,1759,3,2,179.0
3892,2890,4,37,229.99999999999997
3893,1495,3,13,114.99999999999999
3894,2535,4,40,220.00000000000003
3895,804,2,17,82.35
3896,2538,4,6,145.0
3897,1528,3,6,71.0
3898,1980,3,1,130.0
3899,3943,3,4,240.0
3900,1500,3,27,45.0
3901,1400,3,27,45.0
3902,3000,7,0,395.0
3903,3200,4,16,245.00000000000003
3904,2105,3,41,214.0
3905,1700,3,16,110.00000000000001
3906,1675,3,16,140.0
3907,1583,2,16,118.0
3908,2497,3,16,185.0
3909,2450,3,5,247.00000000000003
3910,1160,2,12,62.17
3911,494,1,12,27.5
3912,494,1,12,28.0
3913,1779,3,1,145.0
3914,2012,3,1,135.0
3915,1528,3,6,95.0
3916,1418,2,1,110.00000000000001
3917,1528,3,6,72.0
3918,2794,4,6,170.0
3919,1500,3,25,48.0
3920,1000,2,27,30.0
3921,2280,3,37,180.0
3922,1730,3,4,125.0
3923,2450,4,40,180.0
3924,1690,3,37,138.0
3925,2800,4,40,340.0
3926,3800,4,40,450.0
3927,1350,2,17,130.0
3928,1050,2,27,37.0
3929,1100,2,25,40.0
3930,1356,3,11,60.5
3931,1860,4,38,120.0
3932,555,1,12,35.0
3933,1600,3,39,145.0
3934,2715,5,37,208.0
3935,1495,3,37,105.0
3936,2955,4,12,300.0
3937,1230,3,32,83.0
3938,950,2,38,63.0
3939,1500,3,9,155.0
3940,1528,3,6,90.0
3941,1759,3,2,180.0
3942,1505,3,32,82.0
3943,1395,3,16,115.99999999999999
3944,1100,2,25,28.0
3945,1500,3,24,40.0
3946,1100,2,27,33.0
3947,1550,3,25,43.5
3948,1550,3,25,45.0
3949,1550,3,25,45.0
3950,1020,2,27,32.5
3951,600,1,38,32.0
3952,5825,5,36,500.0
3953,1600,3,39,135.0
3954,1600,3,39,135.0
3955,1110,2,39,73.0
3956,2626,3,10,250.0
3957,2500,3,4,285.0
3958,3300,4,4,390.0
3959,4874,4,5,400.0
3960,5825,5,36,500.0
3961,1600,3,39,135.0
3962,1600,3,39,135.0
3963,1110,2,39,73.0
3964,2626,3,10,250.0
3965,2500,3,4,285.0
3966,3300,4,4,390.0
3967,4874,4,5,400.0
3968,2600,5,3,225.0
3969,3302,3,5,307.0
3970,5825,5,36,500.0
3971,3302,3,5,300.0
3972,4300,5,4,490.00000000000006
3973,2250,3,28,195.0
3974,1050,2,27,32.0
3975,1450,3,25,41.0
3976,950,2,25,30.0
3977,950,2,25,30.0
3978,1600,3,27,45.0
3979,1300,3,25,42.0
3980,1100,2,25,28.0
3981,1500,3,24,40.0
3982,1759,3,2,180.0
3983,1700,3,16,140.0
3984,800,2,31,22.0
3985,1050,2,6,31.0
3986,1941,3,10,128.0
3987,1295,2,33,96.0
3988,2066,2,10,180.0
3989,1959,3,38,229.99999999999997
3990,7895,5,2,900.0
3991,5700,4,2,530.0
3992,3900,4,2,650.0
3993,1175,2,35,73.0
3994,1175,2,35,73.0
3995,2275,4,12,190.0
3996,1759,3,2,181.0
3997,1735,3,35,152.0
3998,2190,3,12,165.0
3999,1067,2,6,70.0
4000,1155,2,16,86.0
4001,1155,2,16,86.0
4002,1155,2,16,86.0
4003,1155,2,16,86.0
4004,1937,3,40,225.0
4005,1250,3,38,95.0
4006,2645,4,12,240.0
4007,1053,2,24,115.99999999999999
4008,3430,4,36,302.0
4009,3302,3,5,309.0
4010,1710,3,6,118.0
4011,1325,3,33,105.0
4012,950,2,38,65.0
4013,1110,2,12,84.0
4014,1082,2,12,70.0
4015,1720,3,12,120.0
4016,890,2,12,48.0
4017,1435,3,12,120.0
4018,973,2,12,68.5
4019,1715,3,12,128.0
4020,2955,4,12,300.0
4021,3700,4,10,370.0
4022,1315,3,12,90.0
4023,890,2,12,50.0
4024,1355,2,10,68.0
4025,1221,2,12,92.0
4026,1704,3,6,120.0
4027,988,2,6,75.0
4028,2275,3,0,129.0
4029,2548,3,28,254.99999999999997
4030,1730,3,4,129.0
4031,1405,3,4,98.0
4032,2070,3,4,260.0
4033,1685,3,12,105.0
4034,1471,3,12,125.0
4035,3302,3,5,327.0
4036,3302,3,5,330.0
4037,4874,4,5,468.0
4038,4874,4,5,450.0
4039,1820,3,10,105.0
4040,2794,4,6,155.0
4041,1528,3,6,90.0
4042,2090,3,6,120.0
4043,2794,4,6,150.0
4044,1050,2,25,37.0
4045,1704,3,6,100.0
4046,2545,4,35,140.0
4047,1528,3,6,90.0
4048,1000,2,31,24.0
4049,1505,3,32,82.0
4050,1395,3,16,115.99999999999999
4051,1750,3,16,145.0
4052,1495,3,37,97.18
4053,783,3,16,105.0
4054,783,3,16,105.0
4055,783,3,16,105.0
4056,783,3,16,105.0
4057,981,3,16,128.0
4058,981,3,16,128.0
4059,648,2,16,93.16
4060,2175,4,6,63.0
4061,2259,4,24,270.0
4062,2800,4,40,340.0
4063,1790,3,40,160.0
4064,2275,4,12,204.99999999999997
4065,10000,8,25,1685.0000000000002
4066,4200,6,0,225.0
4067,4500,6,18,650.0
4068,950,2,3,29.2
4069,953,2,5,28.75
4070,952,2,2,28.43
4071,3430,4,36,300.0
4072,956,2,6,29.47
4073,1250,2,36,95.0
4074,890,2,16,136.0
4075,890,2,16,136.0
4076,1322,3,16,204.99999999999997
4077,1322,3,16,204.99999999999997
4078,1794,3,16,279.0
4079,1794,3,16,279.0
4080,849,2,16,130.0
4081,849,2,16,130.0
4082,1295,2,4,105.0
4083,1356,2,10,65.0
4084,1732,3,33,135.0
4085,1165,2,16,89.7
4086,1165,2,16,89.7
4087,1165,2,16,89.7
4088,1165,2,16,89.7
4089,1690,3,16,133.0
4090,1690,3,16,133.0
4091,1625,3,16,128.0
4092,1625,3,16,128.0
4093,1495,3,16,118.0
4094,1495,3,16,118.0
4095,1245,2,16,95.86
4096,1245,2,16,95.86
4097,783,3,16,105.0
4098,783,3,16,105.0
4099,783,3,16,105.0
4100,956,2,6,29.47
4101,2175,4,6,63.0
4102,4200,6,0,225.0
4103,1155,2,16,86.0
4104,1155,2,16,86.0
4105,1155,2,16,86.0
4106,1155,2,16,86.0
4107,1155,2,16,86.0
4108,1155,2,16,86.0
4109,1155,2,16,86.0
4110,1155,2,16,86.0
4111,1295,2,4,105.0
4112,1275,2,28,95.0
4113,1110,2,39,73.0
4114,4500,3,0,475.0
4115,13500,10,24,795.0
4116,1350,3,9,148.0
4117,2070,3,4,206.99999999999997
4118,3300,4,4,330.0
4119,2500,3,4,250.0
4120,6000,7,25,450.0
4121,3500,3,12,240.0
4122,3500,3,12,240.0
4123,10000,10,0,585.0
4124,1325,3,8,66.0
4125,1500,3,28,45.0
4126,1500,3,23,45.0
4127,1750,3,16,108.0
4128,1750,3,16,108.0
4129,1750,3,16,108.0
4130,1750,3,16,108.0
4131,3220,4,16,225.99999999999997
4132,3220,4,16,225.99999999999997
4133,2190,3,16,142.0
4134,2190,3,16,142.0
4135,2460,3,16,174.0
4136,2460,3,16,174.0
4137,1820,2,10,155.0
4138,2700,7,0,598.0
4139,3950,4,0,195.0
4140,9000,9,0,2000.0
4141,3195,4,9,335.0
4142,2300,3,0,265.0
4143,10500,10,0,424.0
4144,4500,8,0,250.0
4145,1739,3,7,100.0
4146,1145,2,35,80.0
4147,1528,3,1,87.0
4148,1300,3,25,48.0
4149,1350,3,27,41.0
4150,1380,3,25,41.85
4151,950,2,27,28.0
4152,950,2,25,27.0
4153,1500,3,27,45.0
4154,1050,2,27,35.0
4155,1398,3,1,90.0
4156,1528,3,6,72.0
4157,1400,3,25,45.0
4158,1350,3,25,45.0
4159,1450,3,27,45.0
4160,1400,3,27,45.0
4161,1350,3,27,39.0
4162,1730,3,37,147.0
4163,1820,3,10,97.0
4164,1385,2,37,105.0
4165,1250,2,12,88.0
4166,1595,3,12,96.0
4167,1245,2,37,104.0
4168,1221,2,12,90.0
4169,1115,2,12,69.0
4170,988,2,6,70.0
4171,3302,3,5,278.0
4172,3950,4,5,340.0
4173,4874,4,5,450.0
4174,2545,4,35,140.0
4175,2435,3,1,200.0
4176,4875,4,5,390.0
4177,2127,3,1,135.0
4178,1220,2,6,55.0
4179,4875,4,5,390.0
4180,3995,4,5,340.0
4181,3950,4,5,340.0
4182,3302,3,5,275.0
4183,4545,4,5,384.0
4184,3030,4,33,335.0
4185,3030,4,33,330.0
4186,3950,4,5,340.0
4187,3300,4,33,363.0
4188,3302,3,5,278.0
4189,1350,3,27,41.0
4190,1380,3,25,41.85
4191,950,2,27,28.0
4192,950,2,25,27.0
4193,1500,3,27,45.0
4194,1050,2,27,35.0
4195,1398,3,1,90.0
4196,1528,3,6,72.0
4197,1400,3,25,45.0
4198,1350,3,25,45.0
4199,1450,3,27,45.0
4200,1050,2,25,37.0
4201,1704,3,6,100.0
4202,4874,4,5,381.0
4203,1135,2,35,75.0
4204,1135,2,35,75.0
4205,2645,4,12,250.0
4206,1632,3,6,95.0
4207,1528,3,6,95.0
4208,1525,3,33,130.0
4209,2000,3,9,225.0
4210,3200,4,36,270.0
4211,3995,4,5,340.0
4212,3950,4,5,340.0
4213,3302,3,5,275.0
4214,4545,4,5,384.0
4215,3030,4,33,335.0
4216,3030,4,33,330.0
4217,3950,4,5,340.0
4218,3300,4,33,363.0
4219,3302,3,5,278.0
4220,890,2,12,48.0
4221,1435,3,12,120.0
4222,973,2,12,68.5
4223,1715,3,12,128.0
4224,2955,4,12,300.0
4225,3700,4,10,370.0
4226,1315,3,12,90.0
4227,890,2,12,50.0
4228,1355,2,10,68.0
4229,1221,2,12,92.0
4230,1704,3,6,120.0
4231,988,2,6,75.0
4232,2275,3,0,129.0
4233,2548,3,28,254.99999999999997
4234,1730,3,4,129.0
4235,1405,3,4,98.0
4236,2070,3,4,260.0
4237,1685,3,12,105.0
4238,1471,3,12,125.0
4239,3302,3,5,327.0
4240,2857,3,10,280.0
4241,1955,3,0,105.0
4242,3710,4,10,330.0
4243,1730,3,4,110.00000000000001
4244,950,2,25,28.0
4245,950,2,25,30.0
4246,1870,3,9,220.00000000000003
4247,1380,3,0,65.0
4248,6000,9,0,465.00000000000006
4249,4400,4,28,425.0
4250,9000,6,18,1500.0
4251,7000,9,0,434.99999999999994
4252,2000,3,18,275.0
4253,4000,6,0,599.0
4254,1350,3,33,60.0
4255,2600,3,25,800.0
4256,3000,4,0,555.0
4257,1155,2,16,85.0
4258,5700,4,2,535.0
4259,600,1,38,37.0
4260,10000,10,0,585.0
4261,1325,3,8,66.0
4262,1500,3,28,45.0
4263,1500,3,23,45.0
4264,1155,2,16,85.0
4265,1050,2,16,70.0
4266,1500,3,40,152.0
4267,1300,3,40,140.0
4268,1950,3,12,175.0
4269,1500,3,40,155.0
4270,1685,3,12,110.00000000000001
4271,1450,3,6,105.0
4272,1260,2,33,95.0
4273,2700,4,33,250.0
4274,1660,3,33,147.0
4275,1790,3,40,120.0
4276,1900,3,33,172.0
4277,4455,4,9,590.0
4278,550,1,38,35.0
4279,1695,3,40,140.0
4280,1775,3,17,186.0
4281,1350,2,17,125.0
4282,1700,3,16,140.0
4283,1411,2,10,75.0
4284,1620,3,37,132.0
4285,1195,2,16,88.0
4286,2095,3,16,150.0
4287,1135,2,35,75.0
4288,1450,2,35,99.0
4289,1550,3,27,41.5
4290,1285,3,16,82.0
4291,1295,2,33,86.0
4292,2335,4,37,190.0
4293,2150,3,2,237.0
4294,1135,2,35,72.0
4295,1759,3,2,180.0
4296,6570,5,4,691.0
4297,4482,4,4,471.0
4298,3501,4,4,368.0
4299,1100,2,6,29.0
4300,2700,4,33,250.0
4301,1660,3,33,147.0
4302,1790,3,40,120.0
4303,1900,3,33,172.0
4304,4455,4,9,590.0
4305,550,1,38,35.0
4306,1500,3,40,152.0
4307,1300,3,40,140.0
4308,1950,3,12,175.0
4309,1500,3,40,155.0
4310,1685,3,12,110.00000000000001
4311,1450,3,6,105.0
4312,1260,2,33,95.0
4313,4200,5,28,350.0
4314,980,2,0,45.0
4315,3135,4,24,385.0
4316,2088,3,24,264.0
4317,1544,3,24,195.0
4318,1255,2,24,143.0
4319,3300,4,33,350.0
4320,3030,4,33,320.0
4321,2510,3,33,275.0
4322,1524,3,6,78.0
4323,5600,5,10,450.0
4324,951,2,38,28.47
4325,950,2,0,28.75
4326,950,2,39,29.14
4327,954,2,0,28.25
4328,1870,3,16,128.0
4329,1920,3,16,108.0
4330,1390,3,16,79.02
4331,3625,4,10,357.0
4332,495,1,12,28.0
4333,2538,3,6,140.0
4334,2000,2,19,55.0
4335,1435,3,19,42.0
4336,2794,4,6,170.0
4337,1704,3,6,110.00000000000001
4338,1220,2,6,58.0
4339,1528,3,6,90.0
4340,1067,2,6,52.5
4341,2111,3,6,121.0
4342,1398,2,1,110.00000000000001
4343,1528,3,6,95.0
4344,1220,2,6,58.0
4345,1174,2,1,65.0
4346,1704,3,6,110.00000000000001
4347,2111,3,6,120.0
4348,1067,2,6,55.0
4349,1398,2,1,110.00000000000001
4350,1067,2,6,65.0
4351,1067,2,6,55.0
4352,1436,2,6,65.0
4353,2435,3,1,210.0
4354,3135,4,24,385.0
4355,2088,3,24,264.0
4356,1544,3,24,195.0
4357,1255,2,24,143.0
4358,3300,4,33,350.0
4359,3030,4,33,320.0
4360,2111,3,6,120.0
4361,1067,2,6,55.0
4362,1398,2,1,110.00000000000001
4363,1067,2,6,65.0
4364,1067,2,6,55.0
4365,1436,2,6,65.0
4366,2435,3,1,210.0
4367,5530,5,33,630.0
4368,5800,5,33,680.0
4369,925,2,12,38.0
4370,771,2,16,79.01
4371,1395,3,16,95.0
4372,1550,3,25,45.0
4373,1045,2,12,60.0
4374,1135,2,35,77.0
4375,955,2,35,65.0
4376,1900,3,14,142.0
4377,1425,3,14,107.0
4378,1300,3,14,100.0
4379,2210,3,40,178.0
4380,440,1,12,22.0
4381,1295,3,12,62.5
4382,2200,4,27,70.0
4383,4000,8,23,535.0
4384,1500,3,20,42.0
4385,1100,2,16,82.5
4386,2062,3,16,172.0
4387,2555,3,16,182.0
4388,2040,3,16,142.0
4389,1700,3,16,110.00000000000001
4390,1575,3,16,118.0
4391,800,2,0,29.87
4392,900,2,31,29.74
4393,950,2,31,29.73
4394,950,2,31,29.73
4395,800,2,31,29.67
4396,2764,4,6,180.0
4397,2538,3,6,160.0
4398,2800,4,6,175.0
4399,2538,3,6,160.0
4400,955,2,31,30.52
4401,950,1,10,47.0
4402,3950,4,10,425.0
4403,1900,3,39,178.0
4404,1820,3,10,100.0
4405,1195,2,16,90.0
4406,1595,3,12,98.0
4407,1450,2,35,109.00000000000001
4408,2095,3,16,210.0
4409,2095,3,16,210.0
4410,1675,3,16,150.0
4411,1675,3,16,150.0
4412,1995,4,0,104.0
4413,1947,3,16,181.0
4414,1050,2,31,35.0
4415,1750,3,12,90.0
4416,1100,2,23,31.0
4417,1500,3,28,45.0
4418,1100,2,28,30.0
4419,600,1,27,18.5
4420,1350,3,27,42.0
4421,1400,3,27,45.0
4422,1350,3,25,42.0
4423,950,2,6,30.0
4424,1100,2,27,31.0
4425,1400,3,27,42.0
4426,1100,2,27,35.0
4427,1400,3,27,45.0
4428,1050,2,27,34.0
4429,550,1,27,18.0
4430,1450,3,27,40.0
4431,6000,4,41,900.0
4432,1404,3,16,101.0
4433,1137,2,16,80.0
4434,3200,4,17,225.0
4435,2350,3,17,164.0
4436,1850,3,17,129.0
4437,1266,2,16,114.99999999999999
4438,3650,4,16,259.0
4439,2850,3,16,199.0
4440,3200,4,17,225.0
4441,2350,3,17,164.0
4442,1850,3,17,129.0
4443,1266,2,16,114.99999999999999
4444,3650,4,16,259.0
4445,2850,3,16,199.0
4446,2450,3,16,170.0
4447,3300,4,16,247.00000000000003
4448,950,2,31,29.88
4449,950,2,31,29.82
4450,950,2,31,29.6
4451,950,2,31,29.9
4452,950,2,31,28.96
4453,950,2,31,29.66
4454,950,2,31,29.99
4455,2190,3,16,180.0
4456,1500,3,27,47.0
4457,1700,4,27,65.0
4458,1050,2,27,32.5
4459,1050,2,27,35.0
